Station ∆,Date,UTC time,Temp. (ºC),Rel. Hum. (%),Pressure/ Geopot.,Wind dir,Wins speed (Km/h),Clouds,Low clouds,Medium clouds,High clouds,Prec. (mm),Max temp. (ºC),Min temp. (ºC),Conditions
ABADAN,02/03/2000,18Z,14.0,41%,1020.7 Hpa,310º (NW),10.8,0/8,-,-,-,-,-,-,Clear
ABADAN,02/03/2000,12Z,20.0,28%,1018.2 Hpa,290º (W ),14.4,0/8,-,-,-,-,-,-,Clear
ABADAN,02/03/2000,09Z,18.4,31%,-,300º (NW),14.4,,-,-,-,-,-,-,-
ABADAN,02/03/2000,06Z,15.2,39%,1018.6 Hpa,300º (NW),21.6,0/8,-,-,-,-,-,-,"Clear, dust"
ABADAN,02/03/2000,00Z,11.8,57%,1021.1 Hpa,290º (W ),10.8,0/8,-,-,-,-,-,-,"Clear, dust"
ABADEH,02/03/2000,18Z,2.6,35%,-,280º (W ),10.8,0/8,-,-,-,-,-,-,Clear
ABADEH,02/03/2000,12Z,11.2,15%,-,240º (SW),39.6,1/8,-,-,-,-,-,-,Few clouds
ABADEH,02/03/2000,09Z,11.2,20%,-,240º (SW),57.6,1/8,-,-,-,-,-,-,Few clouds
ABADEH,02/03/2000,06Z,9.0,25%,-,270º (W ),32.4,1/8,-,-,-,-,-,-,Few clouds
ABADEH,02/03/2000,00Z,-2.4,48%,-,calm.,,0/8,-,-,-,-,-,-,Clear
AHAR,02/03/2000,18Z,-9.0,95%,-,calm.,,0/8,-,-,-,-,-,-,Clear
AHAR,02/03/2000,12Z,-2.6,85%,-,calm.,,8/8,-,-,-,-,-,-,Overcast
AHAR,02/03/2000,00Z,-12.6,98%,-,calm.,,0/8,-,-,-,-,-,-,Clear
AHWAZ,02/03/2000,18Z,14.6,42%,-,300º (NW),14.4,0/8,-,-,-,-,-,-,Clear
AHWAZ,02/03/2000,12Z,19.4,21%,1016.9 Hpa,270º (W ),25.2,0/8,-,-,-,-,-,-,"Clear, dust"
AHWAZ,02/03/2000,09Z,17.8,35%,-,280º (W ),18.0,0/8,-,-,-,-,-,-,Clear
AHWAZ,02/03/2000,06Z,14.0,41%,1017.1 Hpa,300º (NW),25.2,0/8,-,-,-,-,-,-,"Clear, dust"
AHWAZ,02/03/2000,00Z,10.8,63%,-,280º (W ),10.8,7/8,-,-,CI,-,-,-,"Cloudy, haze"
ALI-GOODARZ,02/03/2000,21Z,-2.4,62%,-,calm.,,0/8,-,-,-,-,-,-,Clear
ALI-GOODARZ,02/03/2000,18Z,-0.6,59%,-,080º (E ),10.8,2/8,-,-,-,-,-,-,Few clouds
ALI-GOODARZ,02/03/2000,15Z,1.0,59%,-,280º (W ),10.8,6/8,-,-,-,-,-,-,Cloudy
ALI-GOODARZ,02/03/2000,09Z,3.4,40%,-,230º (SW),21.6,6/8,4/8 CB,AC,-,-,-,-,Cloudy
ALI-GOODARZ,02/03/2000,06Z,3.0,44%,-,200º (S ),28.8,6/8,-,-,-,-,-,-,Cloudy
ALI-GOODARZ,02/03/2000,00Z,-2.4,66%,-,calm.,,3/8,-,-,-,-,-,-,Scattered clouds
ANZALI,02/03/2000,18Z,5.2,97%,1024.1 Hpa,calm.,,8/8,5/8 ST,AC,,5.0(6h),-,-,"Overcast, rain"
ANZALI,02/03/2000,15Z,6.0,93%,-,330º (NW),18.0,8/8,-,-,-,-,-,-,Overcast
ANZALI,02/03/2000,12Z,5.4,90%,1021.0 Hpa,340º (N ),32.4,8/8,5/8 CB,AC,,3.0(6h),-,-,"Overcast, rain"
ANZALI,02/03/2000,09Z,5.0,86%,-,330º (NW),32.4,8/8,-,-,-,-,-,-,Overcast
ANZALI,02/03/2000,00Z,5.4,,1024.1 Hpa,calm.,,5/8,5/8 SC,-,-,-,-,-,Cloudy
ARAK,02/03/2000,18Z,3.4,50%,1016.0 Hpa,240º (SW),14.4,2/8,2/8 SC,-,-,-,-,-,Few clouds
ARAK,02/03/2000,15Z,3.6,57%,-,260º (W ),18.0,7/8,-,-,-,-,-,-,Cloudy
ARAK,02/03/2000,12Z,5.6,37%,1012.7 Hpa,260º (W ),14.4,4/8,4/8 CB,-,CI,-,-,-,Scattered clouds
ARAK,02/03/2000,09Z,6.4,32%,-,270º (W ),28.8,4/8,-,-,-,-,-,-,Scattered clouds
ARAK,02/03/2000,06Z,5.4,29%,-,200º (S ),28.8,3/8,-,-,-,-,-,-,Scattered clouds
ARAK,02/03/2000,00Z,-1.0,77%,1022.4 Hpa,calm.,,2/8,2/8 SC,-,-,-,-,-,Few clouds
ARDEBIL,02/03/2000,21Z,-5.8,96%,-,calm.,,8/8,-,-,-,-,-,-,Overcast
ARDEBIL,02/03/2000,18Z,-4.8,96%,-,180º (S ),7.2,8/8,-,-,-,-,-,-,Overcast
ARDEBIL,02/03/2000,15Z,-3.8,96%,-,030º (NE),10.8,8/8,-,-,-,-,-,-,Overcast
ARDEBIL,02/03/2000,12Z,-2.2,94%,-,360º (N ),21.6,8/8,-,-,-,-,-,-,Overcast
ARDEBIL,02/03/2000,09Z,-3.4,99%,-,360º (N ),25.2,8/8,-,-,-,-,-,-,Overcast
ARDEBIL,02/03/2000,06Z,-3.2,99%,-,060º (NE),21.6,8/8,-,-,-,-,-,-,Overcast
ARDEBIL,02/03/2000,00Z,-6.0,97%,-,calm.,,8/8,-,-,-,-,-,-,Overcast
BABULSAR,02/03/2000,21Z,8.0,85%,-,260º (W ),28.8,8/8,-,-,-,-,-,-,Overcast
BABULSAR,02/03/2000,18Z,7.6,88%,-,250º (W ),28.8,8/8,-,-,-,-,-,-,Overcast
BABULSAR,02/03/2000,15Z,7.4,90%,-,270º (W ),28.8,8/8,-,-,-,-,-,-,Overcast
BABULSAR,02/03/2000,12Z,8.0,85%,1016.6 Hpa,270º (W ),25.2,8/8,5/8 CB,AC,,-,-,-,"Overcast, rain"
BABULSAR,02/03/2000,09Z,8.2,89%,-,270º (W ),21.6,8/8,-,-,-,-,-,-,Overcast
BABULSAR,02/03/2000,06Z,7.6,90%,1016.2 Hpa,260º (W ),18.0,8/8,5/8 ST,AC,,0.2(6h),-,-,"Overcast, drizzle"
BABULSAR,02/03/2000,00Z,7.6,90%,-,280º (W ),28.8,8/8,-,-,-,-,-,-,Overcast
BAFT,02/03/2000,21Z,3.6,43%,-,calm.,,0/8,-,-,-,-,-,-,Clear
BAFT,02/03/2000,18Z,4.6,40%,-,330º (NW),10.8,0/8,-,-,-,-,-,-,Clear
BAFT,02/03/2000,15Z,9.8,35%,-,270º (W ),18.0,0/8,-,-,-,-,15.0,-,Clear
BAFT,02/03/2000,12Z,13.6,33%,-,270º (W ),28.8,2/8,-,-,-,-,-,-,Few clouds
BAFT,02/03/2000,09Z,14.4,39%,-,270º (W ),43.2,2/8,-,-,-,-,-,-,Few clouds
BAFT,02/03/2000,06Z,9.6,38%,-,270º (W ),14.4,0/8,-,-,-,-,-,-,Clear
BAFT,02/03/2000,00Z,0.8,47%,-,360º (N ),10.8,0/8,-,-,-,-,-,-,Clear
BAM,02/03/2000,18Z,20.6,22%,-,220º (SW),21.6,0/8,-,-,-,-,-,-,Clear
BAM,02/03/2000,15Z,21.8,23%,-,220º (SW),18.0,0/8,-,-,-,-,-,-,"Clear, dust"
BAM,02/03/2000,12Z,25.6,12%,-,210º (SW),25.2,0/8,-,-,-,-,-,-,Clear
BAM,02/03/2000,09Z,21.8,15%,-,calm.,,0/8,-,-,-,-,-,-,Clear
BAM,02/03/2000,06Z,16.8,20%,-,calm.,,0/8,-,-,-,-,-,-,Clear
BAM,02/03/2000,00Z,12.6,28%,-,360º (N ),28.8,0/8,-,-,-,-,-,-,Clear
BANDAR LENGEH,02/03/2000,12Z,26.2,46%,-,260º (W ),25.2,0/8,-,-,-,-,-,-,Clear
BANDAR LENGEH,02/03/2000,09Z,25.6,57%,-,240º (SW),21.6,0/8,-,-,-,-,-,-,Clear
BANDARABBASS,02/03/2000,18Z,22.6,52%,-,230º (SW),18.0,0/8,-,-,-,-,-,-,Clear
BANDARABBASS,02/03/2000,09Z,25.0,57%,-,240º (SW),10.8,1/8,-,-,-,-,-,-,Few clouds
BIRJAND,02/03/2000,18Z,10.4,28%,-,calm.,,8/8,-,-,-,-,-,-,Overcast
BIRJAND,02/03/2000,09Z,14.6,29%,-,220º (SW),7.2,5/8,-,-,-,-,-,-,Cloudy
BIRJAND,02/03/2000,06Z,9.4,25%,1015.4 Hpa,070º (E ),25.2,0/8,-,-,-,-,-,-,Clear
BIRJAND,02/03/2000,00Z,5.0,84%,1006.2 Hpa,calm.,,5/8,3/8 CU,-,CI,-,-,-,Cloudy
BOJNOURD,02/03/2000,18Z,0.8,96%,-,calm.,,8/8,-,-,-,-,-,-,Overcast
BOJNOURD,02/03/2000,12Z,8.8,36%,-,080º (E ),25.2,8/8,-,-,-,-,-,-,Overcast
BOJNOURD,02/03/2000,06Z,1.4,75%,-,calm.,,5/8,-,-,-,-,-,-,Cloudy
BOJNOURD,02/03/2000,00Z,-0.6,96%,-,280º (W ),36.0,8/8,-,-,-,-,-,-,Overcast
BUSHEHR,02/03/2000,12Z,18.0,57%,-,330º (NW),54.0,0/8,-,-,-,-,-,-,Clear
BUSHEHR,02/03/2000,09Z,17.8,57%,-,330º (NW),72.0,0/8,-,-,-,-,-,-,Clear
CHAHBAHAR,02/03/2000,12Z,25.6,68%,-,250º (W ),21.6,0/8,-,-,-,-,-,-,Clear
CHAHBAHAR,02/03/2000,06Z,26.2,65%,-,250º (W ),14.4,0/8,-,-,-,-,-,-,Clear
CHAHBAHAR,02/03/2000,00Z,21.0,72%,-,300º (NW),10.8,0/8,-,-,-,-,-,-,Clear
FASA,02/03/2000,18Z,9.2,50%,-,calm.,,0/8,-,-,-,-,-,-,Clear
FASA,02/03/2000,12Z,20.4,18%,-,270º (W ),43.2,1/8,-,-,-,-,-,-,Few clouds
FASA,02/03/2000,09Z,20.2,21%,-,240º (SW),28.8,1/8,-,-,-,-,-,-,Few clouds
FASA,02/03/2000,06Z,15.2,32%,-,150º (SE),7.2,2/8,-,-,-,-,-,-,Few clouds
FASA,02/03/2000,00Z,2.4,77%,-,calm.,,0/8,-,-,-,-,-,-,Clear
FERDOUS,02/03/2000,12Z,13.6,26%,-,340º (N ),14.4,8/8,-,-,-,-,-,-,Overcast
FERDOUS,02/03/2000,06Z,10.6,31%,-,090º (E ),7.2,1/8,-,-,-,-,-,-,Few clouds
GACH SARAN DU GUNBADAN,02/03/2000,18Z,11.4,34%,-,280º (W ),21.6,0/8,-,-,-,-,-,-,Clear
GACH SARAN DU GUNBADAN,02/03/2000,12Z,16.0,20%,-,330º (NW),28.8,0/8,-,-,-,-,-,-,Clear
GHARAKHIL,02/03/2000,18Z,6.0,91%,-,210º (SW),14.4,8/8,-,-,-,-,-,-,Overcast
GHARAKHIL,02/03/2000,12Z,7.0,93%,-,270º (W ),28.8,8/8,-,-,-,-,-,-,Overcast
GHARAKHIL,02/03/2000,06Z,6.9,95%,-,250º (W ),10.8,8/8,-,-,-,-,-,-,Overcast
GHARAKHIL,02/03/2000,00Z,5.8,91%,-,260º (W ),18.0,8/8,-,-,-,-,-,-,Overcast
GHAZVIN,02/03/2000,21Z,-0.4,73%,-,calm.,,3/8,-,-,-,-,-,-,Scattered clouds
GHAZVIN,02/03/2000,18Z,0.4,61%,-,330º (NW),3.6,1/8,-,-,-,-,-,-,Few clouds
GHAZVIN,02/03/2000,15Z,2.0,65%,-,360º (N ),7.2,4/8,1/8 SC,-,CI,-,5.6,-,Scattered clouds
GHAZVIN,02/03/2000,12Z,4.2,81%,-,270º (W ),18.0,7/8,-,-,-,-,-,-,Cloudy
GHAZVIN,02/03/2000,09Z,3.0,89%,-,120º (SE),36.0,8/8,-,-,-,-,-,-,Overcast
GHAZVIN,02/03/2000,06Z,3.0,86%,-,130º (SE),32.4,8/8,-,-,-,-,-,-,Overcast
GHAZVIN,02/03/2000,00Z,-3.2,85%,-,calm.,,0/8,-,-,-,-,-,-,Clear
GHUCHAN,02/03/2000,21Z,0.8,93%,-,150º (SE),7.2,8/8,-,-,-,-,-,-,Overcast
GHUCHAN,02/03/2000,18Z,1.6,76%,-,090º (E ),7.2,8/8,-,-,-,-,-,-,Overcast
GHUCHAN,02/03/2000,12Z,6.6,47%,-,160º (S ),14.4,8/8,-,-,-,-,-,-,Overcast
GHUCHAN,02/03/2000,09Z,5.4,51%,-,160º (S ),14.4,4/8,-,-,-,-,-,-,Scattered clouds
GHUCHAN,02/03/2000,06Z,1.0,72%,-,140º (SE),10.8,1/8,-,-,-,-,-,-,Few clouds
GHUCHAN,02/03/2000,00Z,0.0,96%,-,calm.,,8/8,-,-,-,-,-,-,Overcast
GORGAN,02/03/2000,21Z,6.8,88%,-,240º (SW),7.2,8/8,-,-,-,-,-,-,Overcast
GORGAN,02/03/2000,18Z,6.8,88%,-,250º (W ),7.2,8/8,-,-,-,-,-,-,Overcast
GORGAN,02/03/2000,15Z,7.8,85%,-,260º (W ),7.2,8/8,-,-,-,-,-,-,Overcast
GORGAN,02/03/2000,12Z,8.2,86%,-,240º (SW),7.2,8/8,-,-,-,-,-,-,Overcast
GORGAN,02/03/2000,09Z,8.6,80%,-,260º (W ),10.8,8/8,-,-,-,-,-,-,Overcast
GORGAN,02/03/2000,06Z,8.2,79%,-,calm.,,8/8,-,-,-,-,-,-,Overcast
GORGAN,02/03/2000,00Z,7.0,85%,-,250º (W ),18.0,8/8,-,-,-,-,-,-,Overcast
HAMEDAN,02/03/2000,18Z,0.6,83%,1017.4 Hpa,340º (N ),21.6,6/8,6/8 CB,-,-,-,-,-,Cloudy
HAMEDAN,02/03/2000,12Z,4.8,49%,1011.8 Hpa,210º (SW),18.0,5/8,5/8 CB,-,-,0.4(6h),-,-,Cloudy
HAMEDAN,02/03/2000,09Z,0.0,92%,-,290º (W ),54.0,7/8,-,-,-,-,-,-,Cloudy
HAMEDAN,02/03/2000,00Z,-1.8,90%,1019.7 Hpa,320º (NW),18.0,6/8,6/8 CB,-,-,0.2(6h),-,-,Cloudy
ILAM,02/03/2000,18Z,3.0,68%,-,300º (NW),7.2,5/8,-,-,-,-,-,-,Cloudy
ILAM,02/03/2000,12Z,7.4,36%,-,260º (W ),28.8,4/8,-,-,-,-,-,-,Scattered clouds
ILAM,02/03/2000,06Z,3.6,61%,-,260º (W ),7.2,7/8,-,-,-,-,-,-,Cloudy
IRANSHAHR,02/03/2000,18Z,22.2,23%,-,210º (SW),18.0,0/8,-,-,-,-,-,-,Clear
IRANSHAHR,02/03/2000,15Z,25.0,19%,1008.3 Hpa,calm.,,0/8,-,-,-,-,29.0,-,Clear
IRANSHAHR,02/03/2000,12Z,28.2,6%,-,250º (W ),46.8,0/8,-,-,-,-,-,-,Clear
IRANSHAHR,02/03/2000,09Z,26.4,12%,-,210º (SW),21.6,0/8,-,-,-,-,-,-,Clear
IRANSHAHR,02/03/2000,06Z,22.6,18%,-,240º (SW),7.2,0/8,-,-,-,-,-,-,Clear
IRANSHAHR,02/03/2000,00Z,14.0,39%,-,calm.,,0/8,-,-,-,-,-,-,Clear
KASHAN,02/03/2000,18Z,9.0,44%,1016.8 Hpa,calm.,,5/8,2/8 SC,AC,-,-,-,-,Cloudy
KASHAN,02/03/2000,12Z,15.0,22%,1008.6 Hpa,230º (SW),14.4,5/8,2/8 SC,AC,-,-,-,-,Cloudy
KASHAN,02/03/2000,09Z,11.4,31%,-,220º (SW),7.2,6/8,-,-,-,-,-,-,Cloudy
KASHAN,02/03/2000,06Z,7.4,43%,1010.9 Hpa,calm.,,7/8,3/8 SC,AC,-,-,-,-,Cloudy
KASHAN,02/03/2000,00Z,4.4,57%,1016.6 Hpa,calm.,,0/8,-,-,-,-,-,-,Clear
KASHMAR,02/03/2000,21Z,4.0,95%,-,calm.,,8/8,-,-,-,-,-,-,Overcast
KASHMAR,02/03/2000,18Z,7.2,50%,-,120º (SE),14.4,7/8,-,-,-,-,-,-,Cloudy
KASHMAR,02/03/2000,12Z,12.2,21%,-,100º (E ),10.8,5/8,-,-,-,-,-,-,Cloudy
KASHMAR,02/03/2000,09Z,10.2,29%,-,110º (E ),21.6,6/8,-,-,-,-,-,-,Cloudy
KASHMAR,02/03/2000,06Z,5.8,38%,-,110º (E ),18.0,6/8,-,-,-,-,-,-,Cloudy
KASHMAR,02/03/2000,00Z,4.0,95%,-,calm.,,8/8,-,-,-,-,-,-,Overcast
KERMAN,02/03/2000,21Z,12.6,24%,1006.2 Hpa,240º (SW),28.8,0/8,-,-,-,-,-,-,Clear
KERMAN,02/03/2000,18Z,12.6,24%,-,240º (SW),28.8,0/8,-,-,-,-,-,-,Clear
KERMAN,02/03/2000,15Z,16.0,,-,240º (SW),28.8,2/8,-,-,-,-,-,-,Few clouds
KERMAN,02/03/2000,12Z,19.0,20%,1005.1 Hpa,250º (W ),54.0,4/8,3/8 CU,-,-,-,-,-,"Scattered clouds, dust"
KERMAN,02/03/2000,09Z,19.0,22%,-,280º (W ),43.2,1/8,-,-,-,-,-,-,Few clouds
KERMAN,02/03/2000,06Z,14.6,19%,1012.3 Hpa,calm.,,0/8,-,-,-,-,-,-,Clear
KERMAN,02/03/2000,00Z,4.2,53%,1008.3 Hpa,calm.,,0/8,-,-,-,-,-,-,Clear
KERMANSHAH,02/03/2000,21Z,1.6,94%,-,280º (W ),21.6,5/8,-,-,-,-,-,-,Cloudy
KERMANSHAH,02/03/2000,18Z,1.8,100%,1020.3 Hpa,290º (W ),18.0,8/8,-,-,-,0.5(6h),-,-,"Overcast, snow"
KERMANSHAH,02/03/2000,12Z,10.0,36%,1011.8 Hpa,310º (NW),36.0,7/8,7/8 CB,-,-,-,-,-,Cloudy
KERMANSHAH,02/03/2000,09Z,6.7,62%,-,310º (NW),28.8,7/8,-,-,-,-,-,-,Cloudy
KERMANSHAH,02/03/2000,06Z,6.0,72%,1012.6 Hpa,310º (NW),14.4,6/8,6/8 CB,-,-,-,-,-,Cloudy
KERMANSHAH,02/03/2000,00Z,0.4,99%,1020.4 Hpa,280º (W ),10.8,0/8,-,-,-,-,-,-,Clear
KHOR,02/03/2000,21Z,8.6,41%,-,280º (W ),10.8,0/8,-,-,-,-,-,-,Clear
KHOR,02/03/2000,18Z,10.4,28%,-,290º (W ),14.4,2/8,-,-,-,-,-,-,Few clouds
KHOR,02/03/2000,12Z,17.4,19%,-,250º (W ),7.2,8/8,-,-,-,-,-,-,Overcast
KHOR,02/03/2000,09Z,15.4,21%,-,calm.,,6/8,-,-,-,-,-,-,Cloudy
KHOR,02/03/2000,06Z,8.6,34%,-,calm.,,0/8,-,-,-,-,-,-,Clear
KHOR,02/03/2000,00Z,8.8,31%,-,260º (W ),32.4,0/8,-,-,-,-,-,-,Clear
KHORRAM ABAD,02/03/2000,21Z,5.4,57%,-,270º (W ),7.2,3/8,-,-,-,-,-,-,Scattered clouds
KHORRAM ABAD,02/03/2000,18Z,6.0,49%,-,calm.,,2/8,-,-,-,-,-,-,Few clouds
KHORRAM ABAD,02/03/2000,15Z,8.6,39%,-,280º (W ),7.2,3/8,-,-,-,-,-,-,Scattered clouds
KHORRAM ABAD,02/03/2000,09Z,10.4,21%,-,220º (SW),14.4,4/8,-,//8 AC,,-,-,-,Scattered clouds
KHORRAM ABAD,02/03/2000,06Z,8.4,31%,-,210º (SW),25.2,7/8,-,-,-,-,-,-,Cloudy
KHORRAM ABAD,02/03/2000,00Z,2.6,65%,-,calm.,,1/8,-,-,-,-,-,-,Few clouds
KHOY,02/03/2000,21Z,-0.8,68%,-,060º (NE),10.8,4/8,-,-,-,-,-,-,Scattered clouds
KHOY,02/03/2000,18Z,-0.6,51%,1022.7 Hpa,calm.,,2/8,2/8 SC,-,-,-,-,-,Few clouds
KHOY,02/03/2000,15Z,3.0,35%,-,calm.,,5/8,-,-,-,-,-,-,Cloudy
KHOY,02/03/2000,09Z,2.0,47%,-,020º (N),25.2,6/8,-,-,-,-,-,-,Cloudy
KHOY,02/03/2000,06Z,-0.4,,1017.6 Hpa,010º (N),18.0,8/8,6/8 ST,AC,,Tr(6h),-,-,"Overcast, snow"
KHOY,02/03/2000,00Z,-1.4,68%,1023.7 Hpa,calm.,,3/8,3/8 SC,AC,-,-,-,-,Scattered clouds
KISH ISLAND,02/03/2000,18Z,21.0,56%,-,300º (NW),54.0,0/8,-,-,-,-,-,-,Clear
KISH ISLAND,02/03/2000,12Z,25.0,40%,-,260º (W ),36.0,0/8,-,-,-,-,-,-,Clear
KISH ISLAND,02/03/2000,06Z,23.4,70%,-,270º (W ),18.0,0/8,-,-,-,-,-,-,Clear
KISH ISLAND,02/03/2000,00Z,18.6,57%,-,290º (W ),50.4,0/8,-,-,-,-,-,-,Clear
MAKKO,02/03/2000,21Z,-4.6,94%,-,calm.,,3/8,-,-,-,-,-,-,Scattered clouds
MAKKO,02/03/2000,18Z,-2.4,93%,-,360º (N ),14.4,7/8,-,-,-,-,-,-,Cloudy
MAKKO,02/03/2000,15Z,0.0,51%,1019.9 Hpa,180º (S ),7.2,4/8,4/8 ST,AC,CI,-,-,-,Scattered clouds
MAKKO,02/03/2000,12Z,1.4,41%,-,calm.,,5/8,-,-,-,-,-,-,Cloudy
MAKKO,02/03/2000,09Z,0.2,40%,-,calm.,,6/8,-,-,-,-,-,-,Cloudy
MAKKO,02/03/2000,06Z,-2.0,75%,-,calm.,,8/8,-,-,-,-,-,-,Overcast
MAKKO,02/03/2000,00Z,-6.0,85%,-,calm.,,0/8,-,-,-,-,-,-,Clear
MARAGHEH,02/03/2000,21Z,-3.0,80%,-,calm.,,0/8,-,-,-,-,-,-,Clear
MARAGHEH,02/03/2000,18Z,-1.4,72%,-,calm.,,0/8,-,-,-,-,-,-,Clear
MARAGHEH,02/03/2000,15Z,1.8,57%,-,calm.,,6/8,-,-,-,-,-,-,Cloudy
MARAGHEH,02/03/2000,09Z,0.4,88%,-,calm.,,7/8,-,-,-,-,-,-,Cloudy
MARAGHEH,02/03/2000,00Z,-2.0,82%,-,calm.,,7/8,-,-,-,-,-,-,Cloudy
MASHHAD,02/03/2000,18Z,5.2,,-,calm.,,8/8,-,-,-,-,-,-,Overcast
MASHHAD,02/03/2000,09Z,7.6,38%,-,080º (E ),14.4,6/8,-,-,-,-,-,-,Cloudy
MASHHAD,02/03/2000,06Z,4.8,51%,1020.8 Hpa,060º (NE),10.8,0/8,-,-,-,-,-,-,Clear
MASHHAD,02/03/2000,00Z,0.6,98%,1013.8 Hpa,calm.,,8/8,-,-,-,0.4(12h),-,-,"Overcast, snow"
MASJED-SOLEYMAN,02/03/2000,18Z,12.8,47%,-,calm.,,0/8,-,-,-,-,-,-,Clear
MASJED-SOLEYMAN,02/03/2000,12Z,16.6,39%,-,240º (SW),21.6,2/8,-,-,-,-,-,-,Few clouds
MASJED-SOLEYMAN,02/03/2000,06Z,13.2,35%,-,190º (S ),18.0,3/8,-,-,-,-,-,-,Scattered clouds
MASJED-SOLEYMAN,02/03/2000,00Z,8.8,71%,-,calm.,,0/8,-,-,-,-,-,-,Clear
MOHABAD,02/03/2000,18Z,0.4,76%,-,calm.,,8/8,-,-,-,-,-,-,Overcast
MOHABAD,02/03/2000,12Z,1.4,62%,-,020º (N),10.8,7/8,-,-,-,-,-,-,Cloudy
MOHABAD,02/03/2000,06Z,-0.6,88%,-,calm.,,8/8,-,-,-,-,-,-,Overcast
MOHABAD,02/03/2000,00Z,-3.0,94%,-,calm.,,0/8,-,-,-,-,-,-,Clear
NEHBANDAN,02/03/2000,12Z,14.8,17%,-,120º (SE),18.0,0/8,-,-,-,-,-,-,Clear
NEHBANDAN,02/03/2000,09Z,13.4,21%,-,120º (SE),18.0,0/8,-,-,-,-,-,-,Clear
NEHBANDAN,02/03/2000,06Z,9.2,31%,-,calm.,,0/8,-,-,-,-,-,-,Clear
NOSHAHR,02/03/2000,18Z,7.0,77%,-,270º (W ),18.0,8/8,-,-,-,-,-,-,Overcast
NOSHAHR,02/03/2000,15Z,6.6,88%,-,270º (W ),21.6,8/8,-,-,-,-,-,-,Overcast
NOSHAHR,02/03/2000,06Z,7.2,85%,-,calm.,,8/8,-,-,-,-,-,-,Overcast
NOSHAHR,02/03/2000,00Z,6.8,80%,-,250º (W ),14.4,8/8,-,-,-,-,-,-,Overcast
OMIDYEH-AGHAJARI,02/03/2000,18Z,14.0,37%,-,310º (NW),18.0,0/8,-,-,-,-,-,-,Clear
OMIDYEH-AGHAJARI,02/03/2000,12Z,20.6,26%,-,330º (NW),36.0,3/8,-,-,-,-,-,-,Scattered clouds
OMIDYEH-AGHAJARI,02/03/2000,06Z,17.2,30%,-,280º (W ),36.0,0/8,-,-,-,-,-,-,Clear
OMIDYEH-AGHAJARI,02/03/2000,00Z,9.0,61%,-,330º (NW),10.8,0/8,-,-,-,-,-,-,Clear
ORUMIEH,02/03/2000,21Z,-3.6,92%,-,calm.,,1/8,-,-,-,-,-,-,Few clouds
ORUMIEH,02/03/2000,18Z,-1.4,90%,1021.4 Hpa,calm.,,1/8,1/8 SC,-,-,-,-,-,Few clouds
ORUMIEH,02/03/2000,12Z,2.0,72%,1016.8 Hpa,090º (E ),14.4,7/8,4/8 SC,AC,-,Tr(6h),-,-,"Cloudy, haze"
ORUMIEH,02/03/2000,09Z,2.0,73%,-,040º (NE),10.8,8/8,-,-,-,-,-,-,Overcast
ORUMIEH,02/03/2000,06Z,-1.0,90%,1014.7 Hpa,calm.,,8/8,5/8 ST,AC,,5.0(6h),-,-,"Overcast, snow"
ORUMIEH,02/03/2000,00Z,-2.0,90%,1022.1 Hpa,calm.,,2/8,2/8 SC,-,-,-,-,-,Few clouds
PARS ABAD MOGHAN,02/03/2000,18Z,3.0,93%,-,220º (SW),7.2,8/8,2/8 SC,AC,,-,-,-,Overcast
PARS ABAD MOGHAN,02/03/2000,12Z,4.0,93%,-,calm.,,8/8,-,-,-,-,-,-,Overcast
PARS ABAD MOGHAN,02/03/2000,06Z,0.8,97%,-,calm.,,8/8,-,-,-,-,-,-,Overcast
PARS ABAD MOGHAN,02/03/2000,00Z,0.2,96%,-,210º (SW),7.2,0/8,-,-,-,-,-,-,Clear
RAMSAR,02/03/2000,21Z,6.6,70%,1021.8 Hpa,310º (NW),25.2,6/8,1/8 SC,AC,-,-,-,-,Cloudy
RAMSAR,02/03/2000,18Z,6.6,74%,1021.4 Hpa,calm.,,6/8,2/8 SC,AC,-,-,-,-,Cloudy
RAMSAR,02/03/2000,15Z,7.4,77%,-,320º (NW),25.2,7/8,2/8 SC,AC,-,-,8.2,-,Cloudy
RAMSAR,02/03/2000,12Z,8.0,70%,1016.8 Hpa,320º (NW),36.0,8/8,3/8 SC,AC,,0.3(6h),-,-,Overcast
RAMSAR,02/03/2000,09Z,6.6,88%,-,330º (NW),28.8,8/8,-,-,-,-,-,-,Overcast
RAMSAR,02/03/2000,06Z,6.4,80%,1016.6 Hpa,320º (NW),28.8,8/8,5/8 ST,AC,,-,-,-,Overcast
RAMSAR,02/03/2000,00Z,7.2,66%,1022.4 Hpa,340º (N ),10.8,6/8,-,-,-,-,-,-,Cloudy
RASHT,02/03/2000,21Z,4.6,93%,-,calm.,,7/8,-,-,-,-,-,-,Cloudy
RASHT,02/03/2000,18Z,,0%,-,calm.,,8/8,-,-,-,-,-,-,Overcast
RASHT,02/03/2000,15Z,4.2,97%,-,240º (SW),7.2,8/8,-,-,-,-,-,-,Overcast
RASHT,02/03/2000,12Z,4.0,97%,-,240º (SW),10.8,8/8,-,-,-,-,-,-,Overcast
RASHT,02/03/2000,09Z,3.2,95%,-,340º (N ),10.8,8/8,-,-,-,-,-,-,Overcast
RASHT,02/03/2000,00Z,4.0,89%,-,calm.,,6/8,-,-,-,-,-,-,Cloudy
SABZEVAR,02/03/2000,21Z,4.4,83%,-,calm.,,8/8,-,-,-,-,-,-,Overcast
SABZEVAR,02/03/2000,18Z,8.2,42%,1014.4 Hpa,080º (E ),18.0,8/8,4/8 ST,AC,,-,-,-,Overcast
SABZEVAR,02/03/2000,09Z,10.4,29%,-,150º (SE),18.0,7/8,-,-,-,-,-,-,Cloudy
SABZEVAR,02/03/2000,06Z,6.0,42%,1020.4 Hpa,100º (E ),14.4,3/8,1/8 SC,AC,-,-,-,-,Scattered clouds
SABZEVAR,02/03/2000,00Z,2.8,86%,1015.1 Hpa,360º (N ),14.4,8/8,6/8 ST,AC,,2.0(12h),-,-,Overcast
SAFI-ABAD DEZFUL,02/03/2000,18Z,11.0,60%,-,270º (W ),7.2,0/8,-,-,-,-,-,-,Clear
SAFI-ABAD DEZFUL,02/03/2000,12Z,17.6,33%,-,270º (W ),18.0,2/8,-,-,-,-,-,-,Few clouds
SAFI-ABAD DEZFUL,02/03/2000,06Z,11.0,55%,-,270º (W ),10.8,2/8,-,-,-,-,-,-,Few clouds
SAFI-ABAD DEZFUL,02/03/2000,00Z,5.0,81%,-,calm.,,0/8,-,-,-,-,-,-,Clear
SAGHEZ,02/03/2000,18Z,0.4,92%,-,calm.,,8/8,-,-,-,-,-,-,Overcast
SAGHEZ,02/03/2000,12Z,1.6,76%,-,030º (NE),10.8,6/8,-,-,-,-,-,-,Cloudy
SAGHEZ,02/03/2000,06Z,-0.8,92%,-,calm.,,7/8,-,-,-,-,-,-,Cloudy
SAGHEZ,02/03/2000,00Z,-7.2,91%,-,calm.,,0/8,-,-,-,-,-,-,Clear
SANANDAJ,02/03/2000,21Z,1.6,89%,-,calm.,,6/8,-,-,-,-,-,-,Cloudy
SANANDAJ,02/03/2000,18Z,3.0,80%,-,220º (SW),7.2,8/8,-,-,-,-,-,-,Overcast
SANANDAJ,02/03/2000,15Z,4.4,60%,-,270º (W ),14.4,7/8,-,-,-,-,-,-,Cloudy
SANANDAJ,02/03/2000,09Z,4.0,71%,-,180º (S ),7.2,8/8,-,-,-,-,-,-,Overcast
SANANDAJ,02/03/2000,06Z,2.0,87%,-,190º (S ),7.2,7/8,-,-,-,-,-,-,Cloudy
SANANDAJ,02/03/2000,00Z,1.4,85%,-,calm.,,2/8,-,-,-,-,-,-,Few clouds
SARAB,02/03/2000,21Z,-13.4,96%,-,calm.,,0/8,-,-,-,-,-,-,Clear
SARAB,02/03/2000,18Z,-6.2,96%,-,calm.,,7/8,-,-,-,-,-,-,Cloudy
SARAB,02/03/2000,12Z,-2.2,90%,-,280º (W ),7.2,8/8,-,-,-,-,-,-,Overcast
SARAB,02/03/2000,09Z,-3.0,,-,260º (W ),7.2,8/8,-,-,-,-,-,-,Overcast
SARAB,02/03/2000,00Z,-12.0,99%,-,calm.,,0/8,-,-,-,-,-,-,Clear
SARAKHS,02/03/2000,18Z,9.6,42%,-,010º (N),7.2,8/8,-,-,-,-,-,-,Overcast
SARAKHS,02/03/2000,12Z,14.4,23%,-,090º (E ),14.4,8/8,-,-,-,-,-,-,Overcast
SARAKHS,02/03/2000,06Z,7.4,53%,-,calm.,,0/8,-,-,-,-,-,-,Clear
SARAKHS,02/03/2000,00Z,6.0,62%,-,300º (NW),7.2,8/8,-,-,-,-,-,-,Overcast
SARAVAN,02/03/2000,18Z,20.0,15%,-,240º (SW),21.6,0/8,-,-,-,-,-,-,Clear
SARAVAN,02/03/2000,15Z,,0%,-,,,0/8,-,-,-,-,-,-,Clear
SARAVAN,02/03/2000,12Z,25.0,8%,-,190º (S ),21.6,0/8,-,-,-,-,-,-,Clear
SARAVAN,02/03/2000,09Z,21.6,12%,-,180º (S ),18.0,0/8,-,-,-,-,-,-,Clear
SARAVAN,02/03/2000,06Z,15.4,26%,-,calm.,,0/8,-,-,-,-,-,-,Clear
SARAVAN,02/03/2000,00Z,17.0,17%,-,240º (SW),21.6,0/8,-,-,-,-,-,-,Clear
SEMNAN,02/03/2000,21Z,3.6,65%,-,calm.,,0/8,-,-,-,-,-,-,Clear
SEMNAN,02/03/2000,18Z,4.6,61%,-,calm.,,0/8,-,-,-,-,-,-,Clear
SEMNAN,02/03/2000,15Z,5.4,75%,-,calm.,,3/8,2/8 SC,AC,-,-,10.0,-,Scattered clouds
SEMNAN,02/03/2000,12Z,8.2,57%,-,330º (NW),7.2,6/8,-,-,-,-,-,-,Cloudy
SEMNAN,02/03/2000,09Z,9.6,39%,-,calm.,,7/8,-,-,-,-,-,-,Cloudy
SEMNAN,02/03/2000,06Z,8.2,43%,-,090º (E ),7.2,7/8,-,-,-,-,-,-,Cloudy
SEMNAN,02/03/2000,00Z,2.6,61%,-,calm.,,0/8,-,-,-,-,-,-,Clear
SHAHRE-KORD,02/03/2000,21Z,-3.4,68%,-,calm.,,0/8,-,-,-,-,-,-,Clear
SHAHRE-KORD,02/03/2000,18Z,-0.8,62%,-,calm.,,0/8,-,-,-,-,-,-,Clear
SHAHRE-KORD,02/03/2000,15Z,1.8,40%,-,220º (SW),14.4,2/8,-,-,-,-,-,-,Few clouds
SHAHRE-KORD,02/03/2000,12Z,2.2,57%,-,270º (W ),14.4,5/8,-,-,-,-,-,-,Cloudy
SHAHRE-KORD,02/03/2000,09Z,4.2,43%,-,250º (W ),18.0,4/8,-,-,-,-,-,-,Scattered clouds
SHAHRE-KORD,02/03/2000,06Z,2.0,57%,-,240º (SW),25.2,6/8,-,-,-,-,-,-,Cloudy
SHAHRE-KORD,02/03/2000,00Z,-6.2,74%,-,calm.,,0/8,-,-,-,-,-,-,Clear
SHAHRUD,02/03/2000,21Z,2.0,73%,-,calm.,,7/8,-,-,-,-,-,-,Cloudy
SHAHRUD,02/03/2000,18Z,2.2,60%,1015.1 Hpa,calm.,,6/8,3/8 SC,AC,-,-,-,-,Cloudy
SHAHRUD,02/03/2000,15Z,4.0,61%,-,090º (E ),10.8,8/8,-,-,-,-,-,-,Overcast
SHAHRUD,02/03/2000,12Z,6.4,50%,1012.3 Hpa,130º (SE),14.4,8/8,3/8 SC,AC,,-,-,-,Overcast
SHAHRUD,02/03/2000,09Z,5.2,59%,-,070º (E ),10.8,8/8,-,-,-,-,-,-,Overcast
SHAHRUD,02/03/2000,06Z,3.4,61%,1017.2 Hpa,020º (N),7.2,8/8,2/8 SC,AC,,-,-,-,Overcast
SHAHRUD,02/03/2000,00Z,0.4,65%,1014.2 Hpa,calm.,,7/8,3/8 SC,AC,-,-,-,-,Cloudy
SHIRAZ,02/03/2000,18Z,7.2,44%,-,300º (NW),25.2,0/8,-,-,-,-,-,-,Clear
SHIRAZ,02/03/2000,12Z,15.8,19%,1008.2 Hpa,270º (W ),43.2,0/8,-,-,-,-,-,-,Clear
SHIRAZ,02/03/2000,09Z,16.6,19%,-,250º (W ),21.6,0/8,-,-,-,-,-,-,Clear
SHIRAZ,02/03/2000,06Z,14.2,24%,1010.8 Hpa,270º (W ),25.2,1/8,1/8 CU,-,-,-,-,-,Few clouds
SHIRAZ,02/03/2000,00Z,5.0,33%,1013.2 Hpa,calm.,,0/8,-,-,-,-,-,-,Clear
SIRI ISLAND,02/03/2000,12Z,24.6,54%,-,260º (W ),25.2,0/8,-,-,-,-,-,-,Clear
SIRI ISLAND,02/03/2000,09Z,24.4,71%,-,240º (SW),21.6,0/8,-,-,-,-,-,-,Clear
SIRJAN,02/03/2000,21Z,7.2,28%,-,calm.,,0/8,-,-,-,-,-,-,Clear
SIRJAN,02/03/2000,18Z,11.2,21%,-,calm.,,0/8,-,-,-,-,-,-,Clear
SIRJAN,02/03/2000,15Z,,0%,-,210º (SW),28.8,0/8,-,-,-,-,-,-,Clear
SIRJAN,02/03/2000,12Z,18.2,18%,-,240º (SW),32.4,0/8,-,-,-,-,-,-,Clear
SIRJAN,02/03/2000,09Z,17.0,26%,-,240º (SW),39.6,3/8,-,-,-,-,-,-,Scattered clouds
SIRJAN,02/03/2000,06Z,14.4,22%,-,190º (S ),18.0,2/8,-,-,-,-,-,-,Few clouds
SIRJAN,02/03/2000,00Z,3.8,38%,-,calm.,,0/8,-,-,-,-,-,-,Clear
TABAS,02/03/2000,18Z,12.8,55%,-,040º (NE),28.8,8/8,-,-,-,-,-,-,Overcast
TABAS,02/03/2000,12Z,18.4,20%,-,calm.,,6/8,-,-,-,-,-,-,Cloudy
TABAS,02/03/2000,06Z,10.0,35%,-,calm.,,1/8,-,-,-,-,-,-,Few clouds
TABAS,02/03/2000,00Z,9.0,35%,-,330º (NW),7.2,0/8,-,-,-,-,-,-,Clear
TABRIZ,02/03/2000,21Z,-2.8,72%,-,calm.,,3/8,-,-,-,-,-,-,Scattered clouds
TABRIZ,02/03/2000,18Z,-2.2,82%,1024.4 Hpa,030º (NE),10.8,0/8,-,-,-,-,-,-,"Clear, mist"
TABRIZ,02/03/2000,12Z,-0.6,88%,-,calm.,,8/8,-,-,-,-,-,-,Overcast
TABRIZ,02/03/2000,09Z,-1.6,87%,-,calm.,,8/8,-,-,-,-,-,-,Overcast
TABRIZ,02/03/2000,00Z,-2.6,77%,1026.2 Hpa,calm.,,7/8,3/8 SC,AC,-,-,-,-,Cloudy
TEHRAN-MEHRABAD,02/03/2000,21Z,-0.8,84%,-,240º (SW),32.4,1/8,-,-,-,-,-,-,Few clouds
TEHRAN-MEHRABAD,02/03/2000,18Z,2.2,80%,-,240º (SW),10.8,4/8,-,-,-,-,-,-,Scattered clouds
TEHRAN-MEHRABAD,02/03/2000,15Z,6.2,60%,-,270º (W ),28.8,3/8,-,-,-,-,-,-,Scattered clouds
TEHRAN-MEHRABAD,02/03/2000,12Z,8.0,61%,1010.6 Hpa,280º (W ),36.0,8/8,5/8 CB,AC,,2.0(6h),-,-,"Overcast, thunderstorm"
TEHRAN-MEHRABAD,02/03/2000,09Z,4.0,89%,-,350º (N ),14.4,8/8,-,-,-,-,-,-,Overcast
TEHRAN-MEHRABAD,02/03/2000,06Z,4.0,89%,-,070º (E ),14.4,8/8,-,-,-,-,-,-,Overcast
TEHRAN-MEHRABAD,02/03/2000,00Z,3.0,53%,1014.8 Hpa,270º (W ),28.8,1/8,1/8 SC,-,-,-,-,-,Few clouds
TORBAT-HEYDARIEH,02/03/2000,18Z,5.2,46%,1012.6 Hpa,110º (E ),21.6,8/8,3/8 ST,AC,,-,-,-,Overcast
TORBAT-HEYDARIEH,02/03/2000,09Z,7.6,38%,-,120º (SE),7.2,2/8,-,-,-,-,-,-,Few clouds
TORBAT-HEYDARIEH,02/03/2000,06Z,2.6,60%,1020.5 Hpa,060º (NE),10.8,2/8,-,-,CI,-,-,-,Few clouds
TORBAT-HEYDARIEH,02/03/2000,00Z,0.4,95%,1009.1 Hpa,calm.,,8/8,3/8 ST,AC,,6.0(12h),-,-,"Overcast, snow"
YASOGE,02/03/2000,21Z,1.0,57%,-,calm.,,0/8,-,-,-,-,-,-,Clear
YASOGE,02/03/2000,18Z,3.4,46%,-,calm.,,0/8,-,-,-,-,-,-,Clear
YASOGE,02/03/2000,15Z,,0%,-,120º (SE),21.6,2/8,-,-,-,-,-,-,Few clouds
YASOGE,02/03/2000,12Z,9.8,22%,-,120º (SE),36.0,3/8,-,-,-,-,-,-,Scattered clouds
YASOGE,02/03/2000,09Z,10.0,25%,-,120º (SE),36.0,3/8,-,-,-,-,-,-,Scattered clouds
YASOGE,02/03/2000,06Z,8.8,25%,-,120º (SE),28.8,3/8,-,-,-,-,-,-,Scattered clouds
YAZD,02/03/2000,21Z,5.2,49%,-,calm.,,0/8,-,-,-,-,-,-,Clear
ZABOL,02/03/2000,18Z,10.0,46%,-,calm.,,0/8,-,-,-,-,-,-,Clear
ZABOL,02/03/2000,12Z,19.0,17%,-,140º (SE),10.8,0/8,-,-,-,-,-,-,Clear
ZABOL,02/03/2000,06Z,11.8,30%,-,330º (NW),18.0,0/8,-,-,-,-,-,-,Clear
ZABOL,02/03/2000,00Z,7.4,44%,-,320º (NW),14.4,0/8,-,-,-,-,-,-,Clear
ZAHEDAN,02/03/2000,21Z,15.0,35%,-,220º (SW),32.4,0/8,-,-,-,-,-,-,Clear
ZAHEDAN,02/03/2000,18Z,17.0,31%,-,210º (SW),43.2,0/8,-,-,-,-,-,-,Clear
ZAHEDAN,02/03/2000,15Z,18.4,19%,-,210º (SW),36.0,0/8,-,-,-,-,-,-,Clear
ZAHEDAN,02/03/2000,12Z,17.4,17%,1007.2 Hpa,120º (SE),43.2,0/8,-,-,-,-,-,-,Clear
ZAHEDAN,02/03/2000,09Z,16.6,21%,-,120º (SE),18.0,0/8,-,-,-,-,-,-,Clear
ZAHEDAN,02/03/2000,00Z,13.4,45%,1003.0 Hpa,230º (SW),25.2,0/8,-,-,-,-,-,-,Clear
ZANJAN,02/03/2000,21Z,-5.0,91%,-,calm.,,7/8,-,-,-,-,-,-,Cloudy
ZANJAN,02/03/2000,18Z,-4.2,89%,1021.4 Hpa,180º (S ),7.2,3/8,3/8 SC,-,CI,-,-,-,Scattered clouds
ZANJAN,02/03/2000,15Z,-1.0,80%,-,320º (NW),10.8,6/8,-,-,-,-,-,-,Cloudy
ZANJAN,02/03/2000,12Z,0.0,83%,1016.0 Hpa,270º (W ),14.4,6/8,5/8 CB,AC,CI,Tr(6h),-,-,Cloudy
ZANJAN,02/03/2000,09Z,-2.2,86%,-,300º (NW),18.0,8/8,-,-,-,-,-,-,Overcast
ZANJAN,02/03/2000,06Z,-0.2,97%,-,090º (E ),14.4,8/8,-,-,-,-,-,-,Overcast
ZANJAN,02/03/2000,00Z,-2.6,85%,1021.9 Hpa,270º (W ),14.4,7/8,7/8 ST,-,CI,-,-,-,Cloudy
