Station ∆,Date,UTC time,Temp. (ºC),Rel. Hum. (%),Pressure/ Geopot.,Wind dir,Wins speed (Km/h),Clouds,Low clouds,Medium clouds,High clouds,Prec. (mm),Max temp. (ºC),Min temp. (ºC),Conditions
ABADAN,25/07/2014,21Z,35.8,32%,998.3 Hpa,300º (NW),14.4,1/8,-,1/8 AC,-,-,-,-,Few clouds
ABADAN,25/07/2014,18Z,38.0,24%,997.6 Hpa,290º (W ),7.2,2/8,-,2/8 AC,-,-,-,-,Few clouds
ABADAN,25/07/2014,15Z,43.8,13%,996.0 Hpa,320º (NW),18.0,2/8,-,2/8 AC,-,-,47.4,-,Few clouds
ABADAN,25/07/2014,12Z,46.4,11%,996.3 Hpa,330º (NW),14.4,5/8,-,-,CI,-,-,-,Cloudy
ABADAN,25/07/2014,09Z,44.0,12%,997.7 Hpa,340º (N ),25.2,0/8,-,-,-,-,-,-,Clear
ABADAN,25/07/2014,06Z,39.0,19%,998.1 Hpa,330º (NW),14.4,0/8,-,-,-,-,-,-,Clear
ABADAN,25/07/2014,03Z,30.8,33%,996.4 Hpa,270º (W ),7.2,3/8,-,3/8 AC,-,-,-,30.8,Scattered clouds
ABADAN,25/07/2014,00Z,31.4,31%,996.2 Hpa,270º (W ),7.2,0/8,-,-,-,-,-,-,Clear
ABADEH,25/07/2014,21Z,25.6,11%,995.5 Hpa,360º (N ),14.4,0/8,-,-,-,-,-,-,Clear
ABADEH,25/07/2014,18Z,27.8,8%,995.9 Hpa,360º (N ),14.4,0/8,-,-,-,-,-,-,Clear
ABADEH,25/07/2014,15Z,32.4,11%,995.9 Hpa,360º (N ),14.4,0/8,-,-,-,-,34.4,-,Clear
ABADEH,25/07/2014,12Z,34.4,8%,995.2 Hpa,010º (N),14.4,0/8,-,-,-,-,-,-,Clear
ABADEH,25/07/2014,09Z,32.6,10%,996.7 Hpa,050º (NE),7.2,0/8,-,-,-,-,-,-,Clear
ABADEH,25/07/2014,06Z,29.4,15%,996.5 Hpa,160º (S ),10.8,0/8,-,-,-,-,-,-,Clear
ABADEH,25/07/2014,03Z,19.2,25%,998.5 Hpa,300º (NW),7.2,0/8,-,-,-,-,-,18.4,Clear
ABADEH,25/07/2014,00Z,20.6,21%,995.8 Hpa,340º (N ),10.8,0/8,-,-,-,-,-,-,Clear
ABU MUSA,25/07/2014,15Z,34.0,73%,995.1 Hpa,270º (W ),10.8,2/8,-,2/8 AC,-,-,35.8,-,"Few clouds, haze"
ABU MUSA,25/07/2014,12Z,35.4,74%,996.0 Hpa,210º (SW),14.4,0/8,-,-,-,-,-,-,"Clear, haze"
ABU MUSA,25/07/2014,09Z,35.0,76%,996.9 Hpa,240º (SW),14.4,3/8,3/8 SC,-,-,-,-,-,"Scattered clouds, haze"
ABU MUSA,25/07/2014,06Z,34.4,78%,997.1 Hpa,180º (S ),18.0,0/8,-,-,-,-,-,-,Clear
ABU MUSA,25/07/2014,03Z,34.2,74%,996.1 Hpa,150º (SE),21.6,1/8,-,-,CI,-,-,31.6,"Few clouds, haze"
AHAR,25/07/2014,21Z,24.8,43%,1001.3 Hpa,110º (E ),18.0,3/8,-,3/8 AC,-,-,-,-,Scattered clouds
AHAR,25/07/2014,18Z,27.2,37%,1000.9 Hpa,100º (E ),10.8,0/8,-,-,-,-,-,-,Clear
AHAR,25/07/2014,15Z,31.4,29%,999.7 Hpa,100º (E ),14.4,1/8,1/8 CU,-,-,-,33.0,-,Few clouds
AHAR,25/07/2014,12Z,32.8,25%,998.6 Hpa,110º (E ),25.2,1/8,1/8 CU,-,-,-,-,-,Few clouds
AHAR,25/07/2014,09Z,29.2,32%,1001.0 Hpa,120º (SE),14.4,0/8,-,-,-,-,-,-,Clear
AHAR,25/07/2014,06Z,25.0,40%,1002.7 Hpa,calm.,,0/8,-,-,-,-,-,-,Clear
AHAR,25/07/2014,03Z,16.6,59%,1003.4 Hpa,calm.,,0/8,-,-,-,-,-,16.4,Clear
AHAR,25/07/2014,00Z,18.6,52%,1002.4 Hpa,290º (W ),7.2,0/8,-,-,-,-,-,-,Clear
AHWAZ,25/07/2014,21Z,37.6,25%,996.2 Hpa,300º (NW),18.0,0/8,-,-,-,-,-,-,"Clear, haze"
AHWAZ,25/07/2014,18Z,41.0,21%,995.6 Hpa,300º (NW),14.4,0/8,-,-,-,-,-,-,"Clear, haze"
AHWAZ,25/07/2014,15Z,44.4,17%,994.0 Hpa,260º (W ),10.8,4/8,-,4/8 AC,-,-,47.8,-,"Scattered clouds, haze"
AHWAZ,25/07/2014,12Z,47.4,13%,994.1 Hpa,270º (W ),21.6,0/8,-,-,-,-,-,-,Clear
AHWAZ,25/07/2014,09Z,45.4,14%,995.9 Hpa,280º (W ),10.8,0/8,-,-,-,-,-,-,Clear
AHWAZ,25/07/2014,06Z,38.6,24%,996.7 Hpa,350º (N ),7.2,0/8,-,-,-,-,-,-,Clear
AHWAZ,25/07/2014,03Z,33.6,33%,995.7 Hpa,280º (W ),7.2,5/8,1/8 CU,AC,-,-,-,33.4,Cloudy
AHWAZ,25/07/2014,00Z,35.0,27%,994.6 Hpa,270º (W ),14.4,3/8,-,3/8 AC,-,-,-,-,Scattered clouds
ALI-GOODARZ,25/07/2014,21Z,24.4,22%,996.0 Hpa,130º (SE),14.4,0/8,-,-,-,-,-,-,Clear
ALI-GOODARZ,25/07/2014,18Z,29.2,17%,994.8 Hpa,090º (E ),18.0,3/8,-,3/8 AC,-,-,-,-,Scattered clouds
ALI-GOODARZ,25/07/2014,15Z,34.0,14%,993.7 Hpa,calm.,,4/8,-,4/8 AC,-,-,36.8,-,Scattered clouds
ALI-GOODARZ,25/07/2014,12Z,35.4,14%,992.9 Hpa,180º (S ),14.4,3/8,-,3/8 AC,-,-,-,-,Scattered clouds
ALI-GOODARZ,25/07/2014,09Z,34.0,14%,994.3 Hpa,090º (E ),21.6,2/8,-,2/8 AC,-,-,-,-,Few clouds
ALI-GOODARZ,25/07/2014,06Z,30.4,17%,994.8 Hpa,120º (SE),28.8,0/8,-,-,-,-,-,-,Clear
ALI-GOODARZ,25/07/2014,03Z,23.0,21%,996.1 Hpa,140º (SE),10.8,0/8,-,-,-,-,-,21.8,Clear
ALI-GOODARZ,25/07/2014,00Z,24.4,18%,994.7 Hpa,130º (SE),18.0,0/8,-,-,-,-,-,-,Clear
ANZALI,25/07/2014,21Z,27.8,80%,1004.6 Hpa,calm.,,5/8,-,-,CI,-,-,-,Cloudy
ANZALI,25/07/2014,18Z,28.0,77%,1003.1 Hpa,calm.,,5/8,3/8 SC,-,CI,-,-,-,Cloudy
ANZALI,25/07/2014,15Z,29.0,73%,1001.8 Hpa,calm.,,4/8,4/8 SC,-,-,-,31.0,-,Scattered clouds
ANZALI,25/07/2014,12Z,30.4,28%,1002.6 Hpa,060º (NE),18.0,0/8,-,-,-,-,-,-,Clear
ANZALI,25/07/2014,09Z,30.0,66%,1004.0 Hpa,040º (NE),10.8,1/8,-,1/8 AC,-,-,-,-,Few clouds
ANZALI,25/07/2014,06Z,29.0,30%,1005.5 Hpa,calm.,,4/8,4/8 SC,-,-,-,-,-,Scattered clouds
ANZALI,25/07/2014,03Z,24.8,80%,1005.2 Hpa,calm.,,5/8,2/8 SC,AC,-,-,-,24.8,Cloudy
ANZALI,25/07/2014,00Z,25.2,81%,1004.7 Hpa,calm.,,6/8,2/8 SC,AC,-,-,-,-,Cloudy
ARAK,25/07/2014,21Z,30.0,12%,994.5 Hpa,140º (SE),14.4,0/8,-,-,-,-,-,-,"Clear, dust"
ARAK,25/07/2014,18Z,31.0,117%,994.6 Hpa,calm.,,5/8,3/8 SC,AC,-,-,-,-,"Cloudy, dust"
ARAK,25/07/2014,15Z,34.2,14%,993.5 Hpa,080º (E ),10.8,5/8,2/8 SC,AC,-,-,38.6,-,"Cloudy, dust"
ARAK,25/07/2014,12Z,37.4,11%,993.0 Hpa,160º (S ),7.2,3/8,3/8 CU,-,-,-,-,-,"Scattered clouds, dust"
ARAK,25/07/2014,09Z,36.6,11%,994.0 Hpa,100º (E ),10.8,1/8,1/8 CU,-,-,-,-,-,"Few clouds, dust"
ARAK,25/07/2014,06Z,33.6,13%,995.9 Hpa,160º (S ),21.6,0/8,-,-,-,-,-,-,"Clear, dust"
ARAK,25/07/2014,03Z,28.0,19%,996.0 Hpa,calm.,,0/8,-,-,-,-,-,25.4,"Clear, dust"
ARAK,25/07/2014,00Z,26.6,22%,994.6 Hpa,170º (S ),18.0,0/8,-,-,-,-,-,-,"Clear, dust"
ARDEBIL,25/07/2014,21Z,20.4,75%,1000.9 Hpa,calm.,,3/8,-,3/8 AC,-,-,-,-,Scattered clouds
ARDEBIL,25/07/2014,18Z,22.8,69%,1001.2 Hpa,calm.,,2/8,-,2/8 AC,-,-,-,-,Few clouds
ARDEBIL,25/07/2014,15Z,25.0,55%,1000.5 Hpa,040º (NE),18.0,3/8,1/8 SC,AC,-,-,31.6,-,Scattered clouds
ARDEBIL,25/07/2014,12Z,29.6,39%,998.7 Hpa,050º (NE),32.4,2/8,1/8 CU,AC,-,-,-,-,Few clouds
ARDEBIL,25/07/2014,09Z,30.0,37%,999.6 Hpa,020º (N),10.8,0/8,-,-,-,-,-,-,Clear
ARDEBIL,25/07/2014,06Z,23.8,48%,1003.6 Hpa,calm.,,0/8,-,-,-,-,-,-,Clear
ARDEBIL,25/07/2014,03Z,15.6,63%,1005.2 Hpa,calm.,,1/8,-,-,CC,-,-,15.0,Few clouds
ARDEBIL,25/07/2014,00Z,16.2,80%,1003.1 Hpa,calm.,,0/8,-,-,-,-,-,-,Clear
BABULSAR,25/07/2014,21Z,26.0,84%,-,210º (SW),7.2,0/8,-,-,-,-,-,-,Clear
BABULSAR,25/07/2014,18Z,28.2,78%,1002.3 Hpa,320º (NW),10.8,3/8,-,3/8 AC,-,-,-,-,Scattered clouds
BABULSAR,25/07/2014,15Z,29.0,68%,1001.7 Hpa,030º (NE),14.4,5/8,-,5/8 AC,-,-,32.2,-,Cloudy
BABULSAR,25/07/2014,12Z,31.6,45%,1002.7 Hpa,320º (NW),14.4,0/8,-,-,-,-,-,-,Clear
BABULSAR,25/07/2014,09Z,31.6,38%,-,330º (NW),14.4,0/8,-,-,-,-,-,-,Clear
BABULSAR,25/07/2014,06Z,30.2,49%,1004.7 Hpa,150º (SE),10.8,1/8,-,1/8 AC,-,-,-,-,Few clouds
BABULSAR,25/07/2014,03Z,24.2,81%,1005.4 Hpa,140º (SE),7.2,0/8,-,-,-,-,-,22.8,Clear
BABULSAR,25/07/2014,00Z,23.8,83%,1005.2 Hpa,calm.,,0/8,-,-,-,-,-,-,Clear
BAFT,25/07/2014,21Z,25.4,23%,993.1 Hpa,030º (NE),7.2,2/8,1/8 SC,-,CI,-,-,-,Few clouds
BAFT,25/07/2014,18Z,26.8,22%,993.5 Hpa,090º (E ),28.8,3/8,2/8 SC,-,CI,-,-,-,Scattered clouds
BAFT,25/07/2014,15Z,30.0,14%,992.5 Hpa,090º (E ),18.0,5/8,3/8 SC,-,CI,-,34.6,-,Cloudy
BAFT,25/07/2014,12Z,33.6,11%,990.6 Hpa,250º (W ),25.2,4/8,-,1/8 AC,CI,-,-,-,Scattered clouds
BAFT,25/07/2014,09Z,33.0,11%,991.6 Hpa,calm.,,3/8,-,1/8 AC,CI,-,-,-,Scattered clouds
BAFT,25/07/2014,06Z,30.2,13%,993.3 Hpa,090º (E ),7.2,5/8,-,-,CI,-,-,-,Cloudy
BAFT,25/07/2014,03Z,25.4,15%,993.7 Hpa,030º (NE),21.6,0/8,-,-,-,-,-,24.0,Clear
BAFT,25/07/2014,00Z,24.6,17%,991.9 Hpa,360º (N ),14.4,0/8,-,-,-,-,-,-,Clear
BAM,25/07/2014,21Z,29.5,13%,995.5 Hpa,290º (W ),7.2,0/8,-,-,-,-,-,-,Clear
BAM,25/07/2014,18Z,34.0,10%,994.9 Hpa,290º (W ),3.6,0/8,-,-,-,-,-,-,Clear
BAM,25/07/2014,15Z,38.2,7%,993.6 Hpa,010º (N),7.2,2/8,-,-,CI,-,41.8,-,Few clouds
BAM,25/07/2014,12Z,41.0,6%,992.2 Hpa,360º (N ),18.0,3/8,-,-,CI,-,-,-,Scattered clouds
BAM,25/07/2014,09Z,40.1,7%,993.1 Hpa,360º (N ),25.2,4/8,-,-,CI,-,-,-,Scattered clouds
BAM,25/07/2014,06Z,39.0,7%,994.6 Hpa,340º (N ),14.4,2/8,-,-,CI,-,-,-,Few clouds
BAM,25/07/2014,03Z,33.1,10%,994.6 Hpa,290º (W ),10.8,2/8,-,-,CI,-,-,31.4,Few clouds
BAM,25/07/2014,00Z,33.6,9%,992.1 Hpa,290º (W ),14.4,0/8,-,-,-,-,-,-,"Clear, haze"
BANDAR LENGEH,25/07/2014,21Z,32.8,74%,995.8 Hpa,calm.,,0/8,-,-,-,-,-,-,"Clear, haze"
BANDAR LENGEH,25/07/2014,18Z,33.0,73%,996.1 Hpa,270º (W ),7.2,0/8,-,-,-,-,-,-,"Clear, haze"
BANDAR LENGEH,25/07/2014,15Z,34.8,66%,995.5 Hpa,240º (SW),10.8,0/8,-,-,-,-,37.0,-,"Clear, haze"
BANDAR LENGEH,25/07/2014,12Z,36.2,,995.7 Hpa,220º (SW),14.4,0/8,-,-,-,-,-,-,"Clear, haze"
BANDAR LENGEH,25/07/2014,09Z,36.6,62%,996.8 Hpa,200º (S ),18.0,0/8,-,-,-,-,-,-,"Clear, haze"
BANDAR LENGEH,25/07/2014,06Z,35.2,,997.9 Hpa,210º (SW),14.4,3/8,3/8 SC,-,-,-,-,-,"Scattered clouds, haze"
BANDAR LENGEH,25/07/2014,03Z,32.8,76%,996.7 Hpa,160º (S ),7.2,1/8,-,1/8 AC,-,-,-,31.4,"Few clouds, haze"
BANDAR LENGEH,25/07/2014,00Z,32.8,79%,995.2 Hpa,190º (S ),7.2,0/8,-,-,-,-,-,-,"Clear, mist"
BANDAR-E-DAYYER,25/07/2014,21Z,32.8,73%,997.7 Hpa,calm.,,0/8,-,-,-,-,-,-,"Clear, haze"
BANDAR-E-DAYYER,25/07/2014,18Z,32.2,81%,997.0 Hpa,180º (S ),7.2,0/8,-,-,-,-,-,-,"Clear, mist"
BANDAR-E-DAYYER,25/07/2014,15Z,33.4,83%,996.6 Hpa,190º (S ),7.2,3/8,-,3/8 AC,-,-,35.6,-,"Scattered clouds, mist"
BANDAR-E-DAYYER,25/07/2014,12Z,35.1,75%,996.5 Hpa,190º (S ),7.2,0/8,-,-,-,-,-,-,"Clear, haze"
BANDAR-E-DAYYER,25/07/2014,09Z,35.0,77%,998.4 Hpa,160º (S ),14.4,0/8,-,-,-,-,-,-,"Clear, haze"
BANDAR-E-DAYYER,25/07/2014,06Z,34.1,79%,997.9 Hpa,150º (SE),7.2,0/8,-,-,-,-,-,-,"Clear, haze"
BANDAR-E-DAYYER,25/07/2014,03Z,31.2,73%,996.2 Hpa,calm.,,0/8,-,-,-,-,-,30.5,"Clear, haze"
BANDAR-E-DAYYER,25/07/2014,00Z,31.2,78%,995.4 Hpa,calm.,,0/8,-,-,-,-,-,-,"Clear, haze"
BANDARABBASS,25/07/2014,21Z,33.2,82%,998.3 Hpa,170º (S ),14.4,2/8,2/8 SC,AC,-,-,-,-,"Few clouds, mist"
BANDARABBASS,25/07/2014,18Z,33.9,63%,997.5 Hpa,170º (S ),10.8,3/8,-,2/8 AC,CI,-,-,-,"Scattered clouds, haze"
BANDARABBASS,25/07/2014,15Z,35.5,58%,995.6 Hpa,200º (S ),21.6,3/8,-,2/8 AC,CI,-,39.8,-,"Scattered clouds, haze"
BANDARABBASS,25/07/2014,12Z,38.3,44%,995.5 Hpa,170º (S ),25.2,3/8,-,-,CI,-,-,-,"Scattered clouds, dust"
BANDARABBASS,25/07/2014,09Z,37.9,53%,997.2 Hpa,200º (S ),21.6,1/8,-,-,CI,-,-,-,"Few clouds, haze"
BANDARABBASS,25/07/2014,06Z,37.6,54%,997.7 Hpa,170º (S ),10.8,3/8,-,1/8 AC,CC,-,-,-,Scattered clouds
BANDARABBASS,25/07/2014,03Z,31.6,76%,997.1 Hpa,010º (N),10.8,3/8,-,1/8 AC,CC,-,-,30.0,"Scattered clouds, haze"
BANDARABBASS,25/07/2014,00Z,30.8,80%,995.8 Hpa,360º (N ),7.2,1/8,-,1/8 AC,-,-,-,-,"Few clouds, mist"
BIRJAND,25/07/2014,21Z,23.0,10%,998.4 Hpa,070º (E ),25.2,1/8,-,-,CI,-,-,-,Few clouds
BIRJAND,25/07/2014,18Z,25.4,9%,999.3 Hpa,110º (E ),14.4,2/8,-,-,CI,-,-,-,Few clouds
BIRJAND,25/07/2014,15Z,31.1,6%,996.5 Hpa,030º (NE),25.2,3/8,-,-,CI,-,36.8,-,Scattered clouds
BIRJAND,25/07/2014,12Z,36.4,4%,995.0 Hpa,360º (N ),18.0,2/8,-,-,CI,-,-,-,Few clouds
BIRJAND,25/07/2014,09Z,33.2,7%,996.6 Hpa,270º (W ),7.2,1/8,-,-,CI,-,-,-,Few clouds
BIRJAND,25/07/2014,06Z,29.6,10%,998.6 Hpa,calm.,,2/8,-,-,CI,-,-,-,Few clouds
BIRJAND,25/07/2014,03Z,23.0,16%,998.9 Hpa,calm.,,1/8,-,-,CI,-,-,16.6,Few clouds
BIRJAND,25/07/2014,00Z,20.2,20%,997.8 Hpa,130º (SE),7.2,0/8,-,-,-,-,-,-,Clear
BOJNOURD,25/07/2014,21Z,22.0,31%,1002.6 Hpa,calm.,,0/8,-,-,-,-,-,-,Clear
BOJNOURD,25/07/2014,18Z,27.4,20%,1002.5 Hpa,calm.,,0/8,-,-,-,-,-,-,Clear
BOJNOURD,25/07/2014,15Z,34.8,11%,1001.6 Hpa,calm.,,0/8,-,-,-,-,36.4,-,Clear
BOJNOURD,25/07/2014,12Z,36.4,10%,1002.0 Hpa,calm.,,0/8,-,-,-,-,-,-,Clear
BOJNOURD,25/07/2014,09Z,33.8,14%,1003.8 Hpa,calm.,,0/8,-,-,-,-,-,-,Clear
BOJNOURD,25/07/2014,06Z,29.0,20%,1005.1 Hpa,060º (NE),18.0,0/8,-,-,-,-,-,-,Clear
BOJNOURD,25/07/2014,03Z,22.0,33%,1005.9 Hpa,calm.,,0/8,-,-,-,-,-,17.0,Clear
BOJNOURD,25/07/2014,00Z,20.0,42%,1005.9 Hpa,calm.,,0/8,-,-,-,-,-,-,Clear
BUSHEHR,25/07/2014,21Z,32.1,75%,996.7 Hpa,130º (SE),3.6,0/8,-,-,-,-,-,-,Clear
BUSHEHR,25/07/2014,18Z,33.1,70%,997.0 Hpa,130º (SE),7.2,7/8,-,7/8 AC,-,-,-,-,Cloudy
BUSHEHR,25/07/2014,15Z,34.4,73%,995.8 Hpa,150º (SE),10.8,2/8,-,-,CI,-,36.8,-,Few clouds
BUSHEHR,25/07/2014,12Z,35.9,125%,995.6 Hpa,220º (SW),14.4,0/8,-,-,-,-,-,-,Clear
BUSHEHR,25/07/2014,09Z,35.6,70%,996.6 Hpa,230º (SW),10.8,0/8,-,-,-,-,-,-,Clear
BUSHEHR,25/07/2014,06Z,35.0,131%,996.6 Hpa,310º (NW),7.2,0/8,-,-,-,-,-,-,Clear
BUSHEHR,25/07/2014,03Z,31.6,79%,995.7 Hpa,330º (NW),3.6,0/8,-,-,-,-,-,30.4,"Clear, mist"
BUSHEHR,25/07/2014,00Z,31.6,80%,994.8 Hpa,200º (S ),3.6,0/8,-,-,-,-,-,-,Clear
BUSHEHR (AIRPORT),25/07/2014,21Z,31.6,53%,996.5 Hpa,calm.,,0/8,-,-,-,-,-,-,Clear
BUSHEHR (AIRPORT),25/07/2014,18Z,32.8,50%,996.4 Hpa,150º (SE),7.2,2/8,-,2/8 AC,-,-,-,-,Few clouds
BUSHEHR (AIRPORT),25/07/2014,15Z,35.4,44%,995.6 Hpa,190º (S ),14.4,2/8,-,-,CI,-,36.4,-,Few clouds
BUSHEHR (AIRPORT),25/07/2014,12Z,35.6,49%,995.7 Hpa,270º (W ),18.0,0/8,-,-,-,-,-,-,Clear
BUSHEHR (AIRPORT),25/07/2014,09Z,35.6,52%,996.6 Hpa,270º (W ),14.4,0/8,-,-,-,-,-,-,Clear
BUSHEHR (AIRPORT),25/07/2014,06Z,33.0,73%,996.6 Hpa,310º (NW),7.2,0/8,-,-,-,-,-,-,Clear
BUSHEHR (AIRPORT),25/07/2014,03Z,31.8,69%,995.5 Hpa,320º (NW),10.8,0/8,-,-,-,-,-,29.0,"Clear, haze"
BUSHEHR (AIRPORT),25/07/2014,00Z,30.0,63%,994.8 Hpa,200º (S ),7.2,0/8,-,-,-,-,-,-,Clear
CHAHBAHAR,25/07/2014,21Z,,,1000.2 Hpa,100º (E ),14.4,5/8,4/8 ST,-,CI,-,-,-,"Cloudy, mist"
CHAHBAHAR,25/07/2014,18Z,,,1000.5 Hpa,110º (E ),18.0,5/8,3/8 ST,-,CI,-,-,-,"Cloudy, mist"
CHAHBAHAR,25/07/2014,15Z,37.0,100%,998.2 Hpa,130º (SE),14.4,7/8,2/8 ST,-,CS,-,-,-,"Cloudy, mist"
CHAHBAHAR,25/07/2014,12Z,29.4,487%,997.2 Hpa,150º (SE),21.6,7/8,-,3/8 AC,CS,-,-,-,"Cloudy, mist"
CHAHBAHAR,25/07/2014,09Z,29.7,298%,998.3 Hpa,140º (SE),7.2,6/8,1/8 ST,AC,-,-,-,-,"Cloudy, mist"
CHAHBAHAR,25/07/2014,06Z,31.3,437%,999.0 Hpa,130º (SE),10.8,7/8,2/8 ST,AC,-,-,-,-,"Cloudy, haze"
CHAHBAHAR,25/07/2014,04Z,37.0,100%,998.2 Hpa,130º (SE),14.4,7/8,2/8 ST,-,CS,-,-,-,"Cloudy, mist"
CHAHBAHAR,25/07/2014,03Z,29.2,493%,998.4 Hpa,090º (E ),7.2,6/8,3/8 ST,AC,-,-,-,28.4,"Cloudy, mist"
CHAHBAHAR,25/07/2014,00Z,,,997.4 Hpa,130º (SE),7.2,5/8,4/8 ST,AC,-,-,-,-,"Cloudy, mist"
ESFAHAN,25/07/2014,21Z,26.2,16%,997.6 Hpa,calm.,,0/8,-,-,-,-,-,-,Clear
ESFAHAN,25/07/2014,18Z,29.6,11%,996.9 Hpa,060º (NE),7.2,0/8,-,-,-,-,-,-,Clear
ESFAHAN,25/07/2014,15Z,37.2,6%,995.3 Hpa,090º (E ),10.8,0/8,-,-,-,-,38.6,-,Clear
ESFAHAN,25/07/2014,12Z,38.0,7%,995.6 Hpa,060º (NE),18.0,0/8,-,-,-,-,-,-,Clear
ESFAHAN,25/07/2014,09Z,36.6,8%,997.0 Hpa,090º (E ),18.0,0/8,-,-,-,-,-,-,Clear
ESFAHAN,25/07/2014,06Z,31.4,14%,998.3 Hpa,060º (NE),7.2,0/8,-,-,-,-,-,-,Clear
ESFAHAN,25/07/2014,03Z,22.0,36%,998.7 Hpa,calm.,,0/8,-,-,-,-,-,21.6,Clear
ESFAHAN,25/07/2014,00Z,23.2,25%,996.8 Hpa,260º (W ),7.2,0/8,-,-,-,-,-,-,Clear
FASA,25/07/2014,21Z,26.4,20%,992.4 Hpa,calm.,,1/8,-,-,CI,-,-,-,Few clouds
FASA,25/07/2014,18Z,32.8,19%,991.0 Hpa,calm.,,2/8,-,-,CI,-,-,-,Few clouds
FASA,25/07/2014,15Z,40.0,8%,990.2 Hpa,080º (E ),10.8,3/8,-,1/8 AC,CI,-,42.8,-,"Scattered clouds, haze"
FASA,25/07/2014,12Z,42.2,6%,990.3 Hpa,350º (N ),7.2,1/8,-,-,CI,-,-,-,"Few clouds, haze"
FASA,25/07/2014,09Z,40.2,6%,991.6 Hpa,230º (SW),10.8,0/8,-,-,-,-,-,-,"Clear, haze"
FASA,25/07/2014,06Z,37.8,8%,992.3 Hpa,050º (NE),7.2,0/8,-,-,-,-,-,-,Clear
FASA,25/07/2014,03Z,25.6,21%,993.2 Hpa,310º (NW),7.2,1/8,1/8 SC,-,-,-,-,24.0,Few clouds
FASA,25/07/2014,00Z,24.0,24%,991.8 Hpa,290º (W ),7.2,2/8,2/8 SC,-,-,-,-,-,Few clouds
FERDOUS,25/07/2014,21Z,24.4,14%,998.8 Hpa,calm.,,0/8,-,-,-,-,-,-,Clear
FERDOUS,25/07/2014,18Z,28.8,6%,998.8 Hpa,020º (N),7.2,1/8,-,-,CI,-,-,-,Few clouds
FERDOUS,25/07/2014,15Z,32.0,7%,998.0 Hpa,030º (NE),21.6,2/8,-,-,CI,-,33.8,-,Few clouds
FERDOUS,25/07/2014,12Z,33.0,7%,997.4 Hpa,030º (NE),25.2,1/8,-,-,CI,-,-,-,Few clouds
FERDOUS,25/07/2014,09Z,32.8,8%,997.7 Hpa,360º (N ),21.6,0/8,-,-,-,-,-,-,Clear
FERDOUS,25/07/2014,06Z,30.4,14%,998.9 Hpa,350º (N ),14.4,1/8,-,1/8 AC,-,-,-,-,Few clouds
FERDOUS,25/07/2014,03Z,23.8,25%,999.0 Hpa,calm.,,0/8,-,-,-,-,-,23.4,Clear
FERDOUS,25/07/2014,00Z,23.8,24%,998.1 Hpa,calm.,,0/8,-,-,-,-,-,-,Clear
GACH SARAN DU GUNBADAN,25/07/2014,21Z,33.0,21%,996.2 Hpa,calm.,,0/8,-,-,-,-,-,-,Clear
GACH SARAN DU GUNBADAN,25/07/2014,18Z,37.2,13%,995.4 Hpa,calm.,,0/8,-,-,-,-,-,-,Clear
GACH SARAN DU GUNBADAN,25/07/2014,15Z,41.8,9%,994.8 Hpa,270º (W ),14.4,0/8,-,-,-,-,45.0,-,Clear
GACH SARAN DU GUNBADAN,25/07/2014,12Z,43.2,9%,994.3 Hpa,300º (NW),18.0,0/8,-,-,-,-,-,-,Clear
GACH SARAN DU GUNBADAN,25/07/2014,09Z,44.6,7%,994.6 Hpa,calm.,,0/8,-,-,-,-,-,-,Clear
GACH SARAN DU GUNBADAN,25/07/2014,06Z,40.2,12%,995.6 Hpa,calm.,,0/8,-,-,-,-,-,-,Clear
GACH SARAN DU GUNBADAN,25/07/2014,03Z,29.0,30%,995.6 Hpa,calm.,,0/8,-,-,-,-,-,26.8,Clear
GACH SARAN DU GUNBADAN,25/07/2014,00Z,28.0,30%,994.6 Hpa,calm.,,2/8,-,2/8 AC,-,-,-,-,Few clouds
GHARAKHIL,25/07/2014,21Z,24.4,80%,1003.4 Hpa,200º (S ),7.2,2/8,-,2/8 AC,-,-,-,-,Few clouds
GHARAKHIL,25/07/2014,18Z,25.0,80%,1002.6 Hpa,calm.,,3/8,-,3/8 AC,-,-,-,-,Scattered clouds
GHARAKHIL,25/07/2014,15Z,29.6,58%,1001.9 Hpa,calm.,,6/8,-,6/8 AC,-,-,35.2,-,Cloudy
GHARAKHIL,25/07/2014,12Z,33.0,45%,1002.3 Hpa,360º (N ),14.4,0/8,-,-,-,-,-,-,Clear
GHARAKHIL,25/07/2014,09Z,33.0,39%,1004.2 Hpa,290º (W ),7.2,0/8,-,-,-,-,-,-,Clear
GHARAKHIL,25/07/2014,06Z,29.6,52%,1005.5 Hpa,calm.,,1/8,-,-,CC,-,-,-,Few clouds
GHARAKHIL,25/07/2014,03Z,21.6,85%,1005.4 Hpa,190º (S ),10.8,1/8,-,-,CC,-,-,20.6,Few clouds
GHARAKHIL,25/07/2014,00Z,22.6,79%,1005.4 Hpa,190º (S ),7.2,2/8,-,2/8 AC,-,-,-,-,Few clouds
GHAZVIN,25/07/2014,21Z,30.8,15%,996.2 Hpa,120º (SE),14.4,7/8,-,-,CI,-,-,-,Cloudy
GHAZVIN,25/07/2014,18Z,32.0,14%,996.7 Hpa,060º (NE),7.2,2/8,-,-,CI,-,-,-,Few clouds
GHAZVIN,25/07/2014,15Z,36.8,11%,996.1 Hpa,100º (E ),18.0,1/8,-,-,CI,-,40.6,-,Few clouds
GHAZVIN,25/07/2014,12Z,40.0,9%,995.3 Hpa,120º (SE),28.8,1/8,-,-,CI,-,-,-,Few clouds
GHAZVIN,25/07/2014,09Z,38.0,11%,997.3 Hpa,100º (E ),28.8,1/8,-,-,CI,-,-,-,Few clouds
GHAZVIN,25/07/2014,06Z,32.1,20%,999.6 Hpa,120º (SE),7.2,7/8,-,7/8 AC,-,-,-,-,Cloudy
GHAZVIN,25/07/2014,03Z,24.0,31%,999.2 Hpa,330º (NW),7.2,4/8,-,4/8 AC,-,-,-,22.3,"Scattered clouds, haze"
GHAZVIN,25/07/2014,00Z,25.0,34%,997.9 Hpa,calm.,,3/8,-,-,CI,-,-,-,Scattered clouds
GHUCHAN,25/07/2014,21Z,22.0,19%,1000.7 Hpa,060º (NE),18.0,0/8,-,-,-,-,-,-,Clear
GHUCHAN,25/07/2014,18Z,23.2,20%,1001.6 Hpa,090º (E ),14.4,0/8,-,-,-,-,-,-,Clear
GHUCHAN,25/07/2014,15Z,29.6,14%,1000.5 Hpa,070º (E ),21.6,0/8,-,-,-,-,33.4,-,Clear
GHUCHAN,25/07/2014,12Z,33.2,12%,1001.0 Hpa,080º (E ),21.6,0/8,-,-,-,-,-,-,Clear
GHUCHAN,25/07/2014,09Z,30.6,16%,1001.4 Hpa,120º (SE),21.6,0/8,-,-,-,-,-,-,Clear
GHUCHAN,25/07/2014,06Z,26.2,23%,1003.7 Hpa,110º (E ),21.6,0/8,-,-,-,-,-,-,Clear
GHUCHAN,25/07/2014,03Z,18.4,39%,1004.5 Hpa,090º (E ),7.2,0/8,-,-,-,-,-,11.6,Clear
GHUCHAN,25/07/2014,00Z,13.6,47%,1004.4 Hpa,120º (SE),10.8,0/8,-,-,-,-,-,-,Clear
GORGAN,25/07/2014,21Z,24.8,78%,1004.2 Hpa,210º (SW),10.8,3/8,-,3/8 AC,-,-,-,-,Scattered clouds
GORGAN,25/07/2014,18Z,26.8,72%,1003.4 Hpa,240º (SW),10.8,2/8,-,2/8 AC,-,-,-,-,Few clouds
GORGAN,25/07/2014,15Z,31.0,57%,1003.0 Hpa,240º (SW),18.0,2/8,-,2/8 AC,-,-,37.8,-,Few clouds
GORGAN,25/07/2014,12Z,36.8,36%,1003.3 Hpa,270º (W ),18.0,0/8,-,-,-,-,-,-,Clear
GORGAN,25/07/2014,09Z,34.0,40%,1005.2 Hpa,040º (NE),10.8,0/8,-,-,-,-,-,-,Clear
GORGAN,25/07/2014,06Z,31.0,52%,1007.3 Hpa,330º (NW),10.8,0/8,-,-,-,-,-,-,Clear
GORGAN,25/07/2014,03Z,25.4,79%,1006.4 Hpa,calm.,,3/8,1/8 CU,AC,-,-,-,21.8,Scattered clouds
GORGAN,25/07/2014,00Z,22.4,91%,1006.0 Hpa,calm.,,0/8,-,-,-,-,-,-,Clear
HAMEDAN,25/07/2014,21Z,24.7,25%,995.2 Hpa,290º (W ),7.2,3/8,-,3/8 AC,-,-,-,-,Scattered clouds
HAMEDAN,25/07/2014,18Z,30.7,17%,995.4 Hpa,100º (E ),7.2,4/8,1/8 SC,AC,-,-,-,-,Scattered clouds
HAMEDAN,25/07/2014,15Z,34.8,18%,994.6 Hpa,calm.,,6/8,3/8 CB,AC,-,-,38.5,-,Cloudy
HAMEDAN,25/07/2014,12Z,36.5,12%,995.0 Hpa,calm.,,7/8,3/8 CB,AC,-,-,-,-,Cloudy
HAMEDAN,25/07/2014,09Z,36.5,13%,994.5 Hpa,310º (NW),7.2,1/8,1/8 CU,-,-,-,-,-,Few clouds
HAMEDAN,25/07/2014,06Z,28.3,25%,998.0 Hpa,330º (NW),7.2,0/8,-,-,-,-,-,-,Clear
HAMEDAN,25/07/2014,03Z,18.8,40%,998.5 Hpa,calm.,,0/8,-,-,-,-,-,16.1,Clear
HAMEDAN,25/07/2014,00Z,19.1,38%,996.9 Hpa,calm.,,0/8,-,-,-,-,-,-,Clear
ILAM,25/07/2014,21Z,25.0,29%,997.3 Hpa,calm.,,0/8,-,-,-,-,-,-,Clear
ILAM,25/07/2014,18Z,29.6,1119%,996.7 Hpa,270º (W ),10.8,2/8,-,2/8 AC,-,-,-,-,"Few clouds, haze"
ILAM,25/07/2014,15Z,35.2,16%,997.4 Hpa,270º (W ),21.6,3/8,-,-,CI,-,39.4,-,"Scattered clouds, haze"
ILAM,25/07/2014,12Z,38.2,12%,997.1 Hpa,250º (W ),18.0,1/8,-,-,CC,-,-,-,"Few clouds, dust"
ILAM,25/07/2014,09Z,38.4,9%,996.4 Hpa,210º (SW),14.4,0/8,-,-,-,-,-,-,Clear
ILAM,25/07/2014,06Z,34.0,16%,996.1 Hpa,140º (SE),7.2,2/8,-,1/8 AC,CI,-,-,-,Few clouds
ILAM,25/07/2014,03Z,23.0,27%,998.4 Hpa,120º (SE),7.2,0/8,-,-,-,-,-,22.2,Clear
ILAM,25/07/2014,00Z,24.0,24%,998.4 Hpa,120º (SE),10.8,0/8,-,-,-,-,-,-,Clear
IRANSHAHR,25/07/2014,21Z,36.7,35%,995.6 Hpa,300º (NW),7.2,2/8,-,-,CI,-,-,-,"Few clouds, haze"
IRANSHAHR,25/07/2014,18Z,38.3,34%,995.4 Hpa,calm.,,4/8,-,1/8 AC,CI,-,-,-,"Scattered clouds, haze"
IRANSHAHR,25/07/2014,15Z,41.3,27%,992.4 Hpa,200º (S ),14.4,4/8,-,3/8 AC,CI,-,45.7,-,"Scattered clouds, haze"
IRANSHAHR,25/07/2014,12Z,44.9,10%,991.7 Hpa,220º (SW),10.8,2/8,-,-,CI,-,-,-,"Few clouds, haze"
IRANSHAHR,25/07/2014,09Z,42.5,18%,994.0 Hpa,180º (S ),7.2,2/8,-,-,CI,-,-,-,"Few clouds, haze"
IRANSHAHR,25/07/2014,06Z,36.4,31%,995.8 Hpa,220º (SW),7.2,4/8,-,3/8 AC,CI,-,-,-,Scattered clouds
IRANSHAHR,25/07/2014,03Z,33.8,30%,995.4 Hpa,260º (W ),7.2,7/8,-,7/8 AC,CI,-,-,33.8,"Cloudy, haze"
IRANSHAHR,25/07/2014,00Z,35.5,25%,993.1 Hpa,290º (W ),7.2,3/8,-,1/8 AC,CI,-,-,-,"Scattered clouds, haze"
JASK,25/07/2014,21Z,31.8,81%,998.6 Hpa,120º (SE),25.2,0/8,-,-,-,-,-,-,"Clear, mist"
JASK,25/07/2014,18Z,31.8,85%,998.2 Hpa,120º (SE),28.8,0/8,-,-,-,-,-,-,"Clear, mist"
JASK,25/07/2014,15Z,32.2,83%,996.7 Hpa,120º (SE),25.2,6/8,-,6/8 AC,-,-,32.8,-,"Cloudy, mist"
JASK,25/07/2014,12Z,32.7,149%,996.4 Hpa,180º (S ),10.8,4/8,-,-,CS,-,-,-,"Scattered clouds, mist"
JASK,25/07/2014,09Z,32.4,83%,998.5 Hpa,160º (S ),18.0,3/8,3/8 ST,-,-,-,-,-,"Scattered clouds, mist"
JASK,25/07/2014,06Z,32.0,155%,998.1 Hpa,140º (SE),21.6,0/8,-,-,-,-,-,-,"Clear, mist"
JASK,25/07/2014,03Z,31.3,87%,997.5 Hpa,100º (E ),25.2,0/8,-,-,-,-,-,30.8,"Clear, mist"
JASK,25/07/2014,00Z,32.0,85%,996.3 Hpa,120º (SE),18.0,0/8,-,-,-,-,-,-,"Clear, mist"
KAHNUJ,25/07/2014,21Z,34.4,32%,992.2 Hpa,240º (SW),21.6,0/8,-,-,-,-,-,-,Clear
KAHNUJ,25/07/2014,18Z,35.7,37%,991.9 Hpa,240º (SW),25.2,0/8,-,-,-,-,-,-,Clear
KAHNUJ,25/07/2014,15Z,40.6,27%,989.6 Hpa,240º (SW),28.8,0/8,-,-,-,-,44.2,-,Clear
KAHNUJ,25/07/2014,12Z,44.0,14%,989.0 Hpa,210º (SW),28.8,0/8,-,-,-,-,-,-,Clear
KAHNUJ,25/07/2014,09Z,42.6,18%,991.3 Hpa,240º (SW),28.8,0/8,-,-,-,-,-,-,Clear
KAHNUJ,25/07/2014,06Z,37.7,28%,992.6 Hpa,210º (SW),21.6,0/8,-,-,-,-,-,-,Clear
KAHNUJ,25/07/2014,03Z,33.6,37%,992.0 Hpa,240º (SW),25.2,0/8,-,-,-,-,-,33.0,Clear
KAHNUJ,25/07/2014,00Z,33.3,39%,989.8 Hpa,230º (SW),36.0,0/8,-,-,-,-,-,-,Clear
KASHAN,25/07/2014,21Z,35.0,17%,997.8 Hpa,140º (SE),21.6,0/8,-,-,-,-,-,-,Clear
KASHAN,25/07/2014,18Z,38.2,16%,997.3 Hpa,calm.,,0/8,-,-,-,-,-,-,Clear
KASHAN,25/07/2014,15Z,42.6,16%,995.2 Hpa,calm.,,0/8,-,-,-,-,44.2,-,Clear
KASHAN,25/07/2014,12Z,41.6,18%,995.7 Hpa,calm.,,0/8,-,-,-,-,-,-,Clear
KASHAN,25/07/2014,09Z,36.8,22%,999.8 Hpa,calm.,,0/8,-,-,-,-,-,-,Clear
KASHAN,25/07/2014,06Z,32.6,26%,1000.9 Hpa,240º (SW),10.8,0/8,-,-,-,-,-,-,Clear
KASHAN,25/07/2014,03Z,26.0,34%,1000.7 Hpa,calm.,,0/8,-,-,-,-,-,25.2,Clear
KASHAN,25/07/2014,00Z,30.0,30%,997.0 Hpa,calm.,,0/8,-,-,-,-,-,-,Clear
KASHMAR,25/07/2014,21Z,23.2,11%,1001.0 Hpa,calm.,,0/8,-,-,-,-,-,-,Clear
KASHMAR,25/07/2014,18Z,28.2,8%,1000.5 Hpa,180º (S ),7.2,0/8,-,-,-,-,-,-,Clear
KASHMAR,25/07/2014,15Z,37.0,3%,997.1 Hpa,040º (NE),7.2,1/8,-,-,CI,-,38.8,-,Few clouds
KASHMAR,25/07/2014,12Z,38.4,4%,997.3 Hpa,300º (NW),25.2,0/8,-,-,-,-,-,-,Clear
KASHMAR,25/07/2014,09Z,34.0,8%,999.6 Hpa,140º (SE),10.8,0/8,-,-,-,-,-,-,Clear
KASHMAR,25/07/2014,06Z,30.8,10%,1001.3 Hpa,150º (SE),18.0,0/8,-,-,-,-,-,-,Clear
KASHMAR,25/07/2014,03Z,28.6,17%,999.5 Hpa,calm.,,0/8,-,-,-,-,-,22.0,Clear
KASHMAR,25/07/2014,00Z,23.0,25%,1000.1 Hpa,calm.,,0/8,-,-,-,-,-,-,Clear
KERMAN,25/07/2014,21Z,26.0,8%,996.0 Hpa,calm.,,0/8,-,-,-,-,-,-,Clear
KERMAN,25/07/2014,18Z,28.6,10%,995.8 Hpa,040º (NE),14.4,2/8,-,-,CI,-,-,-,Few clouds
KERMAN,25/07/2014,15Z,32.8,6%,997.1 Hpa,350º (N ),18.0,2/8,-,-,CI,-,36.8,-,Few clouds
KERMAN,25/07/2014,12Z,36.0,4%,995.2 Hpa,340º (N ),18.0,4/8,-,-,CI,-,-,-,Scattered clouds
KERMAN,25/07/2014,09Z,35.0,5%,995.4 Hpa,010º (N),18.0,3/8,-,-,CI,-,-,-,Scattered clouds
KERMAN,25/07/2014,06Z,32.0,6%,997.2 Hpa,calm.,,3/8,-,-,CI,-,-,-,Scattered clouds
KERMAN,25/07/2014,03Z,18.2,26%,999.8 Hpa,130º (SE),7.2,4/8,-,-,CI,-,-,17.0,Scattered clouds
KERMAN,25/07/2014,00Z,19.8,18%,995.4 Hpa,calm.,,0/8,-,-,-,-,-,-,Clear
KERMANSHAH,25/07/2014,21Z,28.1,23%,996.0 Hpa,290º (W ),14.4,2/8,-,2/8 AC,-,-,-,-,"Few clouds, dust"
KERMANSHAH,25/07/2014,18Z,32.7,16%,996.1 Hpa,290º (W ),21.6,1/8,-,1/8 AC,-,-,-,-,"Few clouds, dust"
KERMANSHAH,25/07/2014,15Z,39.0,8%,996.3 Hpa,290º (W ),25.2,3/8,1/8 SC,AC,-,-,42.2,-,Scattered clouds
KERMANSHAH,25/07/2014,12Z,40.9,5%,996.0 Hpa,210º (SW),25.2,3/8,1/8 CU,-,CI,-,-,-,Scattered clouds
KERMANSHAH,25/07/2014,09Z,38.7,6%,996.3 Hpa,240º (SW),10.8,4/8,-,2/8 AC,CC,-,-,-,Scattered clouds
KERMANSHAH,25/07/2014,06Z,33.1,13%,996.9 Hpa,calm.,,3/8,-,-,CC,-,-,-,Scattered clouds
KERMANSHAH,25/07/2014,03Z,19.3,30%,997.9 Hpa,090º (E ),7.2,0/8,-,-,-,-,-,17.6,Clear
KERMANSHAH,25/07/2014,00Z,21.8,24%,996.3 Hpa,140º (SE),7.2,0/8,-,-,-,-,-,-,Clear
KHARG,25/07/2014,15Z,36.8,48%,995.5 Hpa,280º (W ),18.0,1/8,-,-,CI,-,39.0,-,Few clouds
KHARG,25/07/2014,12Z,38.8,43%,995.6 Hpa,300º (NW),18.0,0/8,-,-,-,-,-,-,Clear
KHARG,25/07/2014,09Z,35.4,58%,997.0 Hpa,310º (NW),21.6,0/8,-,-,-,-,-,-,Clear
KHARG,25/07/2014,06Z,34.2,65%,997.6 Hpa,330º (NW),14.4,0/8,-,-,-,-,-,-,Clear
KHARG,25/07/2014,03Z,32.4,70%,996.3 Hpa,310º (NW),10.8,0/8,-,-,-,-,-,29.8,Clear
KHOR,25/07/2014,21Z,32.2,17%,998.0 Hpa,calm.,,0/8,-,-,-,-,-,-,Clear
KHOR,25/07/2014,18Z,34.0,17%,998.4 Hpa,calm.,,0/8,-,-,-,-,-,-,Clear
KHOR,25/07/2014,15Z,39.6,11%,997.0 Hpa,050º (NE),7.2,0/8,-,-,-,-,41.8,-,Clear
KHOR,25/07/2014,12Z,41.4,10%,996.4 Hpa,050º (NE),7.2,0/8,-,-,-,-,-,-,Clear
KHOR,25/07/2014,09Z,39.2,10%,998.4 Hpa,030º (NE),7.2,0/8,-,-,-,-,-,-,Clear
KHOR,25/07/2014,06Z,34.2,15%,999.9 Hpa,calm.,,0/8,-,-,-,-,-,-,Clear
KHOR,25/07/2014,03Z,29.0,18%,999.1 Hpa,calm.,,0/8,-,-,-,-,-,28.4,"Clear, dust"
KHOR,25/07/2014,00Z,30.2,18%,996.8 Hpa,calm.,,0/8,-,-,-,-,-,-,Clear
KHORRAM ABAD,25/07/2014,21Z,28.6,16%,996.3 Hpa,calm.,,2/8,-,2/8 AC,-,-,-,-,Few clouds
KHORRAM ABAD,25/07/2014,18Z,34.6,13%,996.4 Hpa,240º (SW),7.2,1/8,-,1/8 AC,-,-,-,-,Few clouds
KHORRAM ABAD,25/07/2014,15Z,39.6,8%,995.5 Hpa,210º (SW),18.0,0/8,-,-,-,-,42.6,-,Clear
KHORRAM ABAD,25/07/2014,12Z,42.2,7%,994.6 Hpa,330º (NW),10.8,2/8,2/8 SC,-,-,-,-,-,Few clouds
KHORRAM ABAD,25/07/2014,09Z,40.4,9%,995.9 Hpa,330º (NW),7.2,2/8,-,-,CI,-,-,-,Few clouds
KHORRAM ABAD,25/07/2014,06Z,32.8,18%,997.5 Hpa,210º (SW),7.2,0/8,-,-,-,-,-,-,Clear
KHORRAM ABAD,25/07/2014,03Z,22.8,24%,997.7 Hpa,calm.,,0/8,-,-,-,-,-,20.0,Clear
KHORRAM ABAD,25/07/2014,00Z,23.4,25%,995.0 Hpa,calm.,,0/8,-,-,-,-,-,-,Clear
KHOY,25/07/2014,21Z,25.4,39%,997.7 Hpa,calm.,,0/8,-,-,-,-,-,-,Clear
KHOY,25/07/2014,18Z,30.0,27%,995.1 Hpa,calm.,,0/8,-,-,-,-,-,-,Clear
KHOY,25/07/2014,15Z,37.0,15%,994.4 Hpa,calm.,,0/8,-,-,-,-,38.2,-,Clear
KHOY,25/07/2014,12Z,36.2,21%,995.2 Hpa,calm.,,0/8,-,-,-,-,-,-,Clear
KHOY,25/07/2014,09Z,33.2,26%,998.3 Hpa,360º (N ),10.8,1/8,1/8 CU,-,-,-,-,-,Few clouds
KHOY,25/07/2014,06Z,27.4,37%,1000.1 Hpa,calm.,,0/8,-,-,-,-,-,-,Clear
KHOY,25/07/2014,03Z,19.4,63%,1000.6 Hpa,calm.,,0/8,-,-,-,-,-,17.4,Clear
KHOY,25/07/2014,00Z,20.4,56%,999.8 Hpa,calm.,,0/8,-,-,-,-,-,-,Clear
KISH ISLAND,25/07/2014,21Z,31.6,80%,996.9 Hpa,250º (W ),7.2,2/8,-,-,CI,-,-,-,"Few clouds, mist"
KISH ISLAND,25/07/2014,18Z,33.0,76%,996.6 Hpa,250º (W ),7.2,3/8,-,-,CC,-,-,-,"Scattered clouds, haze"
KISH ISLAND,25/07/2014,15Z,34.6,66%,996.1 Hpa,250º (W ),7.2,3/8,-,-,CC,-,37.2,-,"Scattered clouds, haze"
KISH ISLAND,25/07/2014,12Z,36.2,59%,995.6 Hpa,200º (S ),10.8,3/8,-,-,CC,-,-,-,"Scattered clouds, haze"
KISH ISLAND,25/07/2014,09Z,35.4,66%,996.7 Hpa,190º (S ),14.4,1/8,1/8 CU,-,CI,-,-,-,"Few clouds, haze"
KISH ISLAND,25/07/2014,06Z,35.4,68%,997.6 Hpa,260º (W ),7.2,4/8,1/8 CU/SC,AC,CI,-,-,-,Scattered clouds
KISH ISLAND,25/07/2014,03Z,31.2,88%,996.7 Hpa,calm.,,6/8,1/8 ST,AC,-,-,-,30.2,"Cloudy, mist"
KISH ISLAND,25/07/2014,00Z,30.6,93%,994.9 Hpa,calm.,,0/8,-,-,-,-,-,-,"Clear, mist"
MAKKO,25/07/2014,21Z,25.2,40%,997.4 Hpa,calm.,,0/8,-,-,-,-,-,-,Clear
MAKKO,25/07/2014,18Z,29.0,36%,995.9 Hpa,calm.,,1/8,1/8 SC,-,-,-,-,-,Few clouds
MAKKO,25/07/2014,15Z,33.4,27%,996.7 Hpa,120º (SE),7.2,2/8,2/8 CU,-,-,-,34.4,-,Few clouds
MAKKO,25/07/2014,12Z,33.0,28%,996.9 Hpa,120º (SE),18.0,1/8,1/8 CU,-,-,-,-,-,Few clouds
MAKKO,25/07/2014,09Z,30.6,30%,998.5 Hpa,130º (SE),10.8,0/8,-,-,-,-,-,-,Clear
MAKKO,25/07/2014,06Z,27.0,41%,999.5 Hpa,090º (E ),7.2,0/8,-,-,-,-,-,-,"Clear, haze"
MAKKO,25/07/2014,03Z,18.4,56%,1009.5 Hpa,calm.,,0/8,-,-,-,-,-,18.4,Clear
MAKKO,25/07/2014,00Z,19.8,52%,1008.9 Hpa,calm.,,0/8,-,-,-,-,-,-,Clear
MARAGHEH,25/07/2014,21Z,25.4,26%,997.3 Hpa,100º (E ),10.8,0/8,-,-,-,-,-,-,Clear
MARAGHEH,25/07/2014,18Z,27.6,28%,997.4 Hpa,calm.,,1/8,1/8 SC,-,-,-,-,-,Few clouds
MARAGHEH,25/07/2014,15Z,36.8,19%,994.9 Hpa,230º (SW),7.2,1/8,1/8 SC,-,-,-,38.4,-,Few clouds
MARAGHEH,25/07/2014,12Z,36.6,17%,995.7 Hpa,280º (W ),7.2,0/8,-,-,-,-,-,-,Clear
MARAGHEH,25/07/2014,09Z,33.8,25%,997.2 Hpa,230º (SW),7.2,0/8,-,-,-,-,-,-,"Clear, dust"
MARAGHEH,25/07/2014,06Z,28.2,34%,999.3 Hpa,270º (W ),10.8,0/8,-,-,-,-,-,-,Clear
MARAGHEH,25/07/2014,03Z,21.4,48%,998.5 Hpa,090º (E ),7.2,0/8,-,-,-,-,-,21.0,Clear
MARAGHEH,25/07/2014,00Z,22.4,44%,997.7 Hpa,120º (SE),14.4,0/8,-,-,-,-,-,-,Clear
MARAVEH-TAPPEH,25/07/2014,21Z,27.0,71%,1001.6 Hpa,calm.,,0/8,-,-,-,-,-,-,Clear
MARAVEH-TAPPEH,25/07/2014,18Z,31.8,38%,1001.7 Hpa,140º (SE),14.4,0/8,-,-,-,-,-,-,Clear
MARAVEH-TAPPEH,25/07/2014,15Z,38.0,20%,1001.2 Hpa,280º (W ),7.2,0/8,-,-,-,-,39.9,-,Clear
MARAVEH-TAPPEH,25/07/2014,12Z,39.2,21%,1001.3 Hpa,310º (NW),14.4,0/8,-,-,-,-,-,-,Clear
MARAVEH-TAPPEH,25/07/2014,09Z,35.2,30%,1003.6 Hpa,280º (W ),7.2,0/8,-,-,-,-,-,-,Clear
MARAVEH-TAPPEH,25/07/2014,06Z,28.8,55%,1005.2 Hpa,290º (W ),10.8,0/8,-,-,-,-,-,-,Clear
MARAVEH-TAPPEH,25/07/2014,03Z,26.2,66%,1004.5 Hpa,240º (SW),3.6,0/8,-,-,-,-,-,23.1,Clear
MARAVEH-TAPPEH,25/07/2014,00Z,24.1,67%,1004.6 Hpa,200º (S ),3.6,0/8,-,-,-,-,-,-,Clear
MASHHAD,25/07/2014,21Z,23.4,14%,1004.4 Hpa,190º (S ),10.8,0/8,-,-,-,-,-,-,Clear
MASHHAD,25/07/2014,18Z,25.6,12%,1005.3 Hpa,180º (S ),7.2,0/8,-,-,-,-,-,-,Clear
MASHHAD,25/07/2014,15Z,30.8,7%,1003.3 Hpa,100º (E ),10.8,0/8,-,-,-,-,34.5,-,Clear
MASHHAD,25/07/2014,12Z,34.1,6%,1003.0 Hpa,100º (E ),18.0,0/8,-,-,-,-,-,-,Clear
MASHHAD,25/07/2014,09Z,32.2,8%,1004.7 Hpa,050º (NE),18.0,0/8,-,-,-,-,-,-,Clear
MASHHAD,25/07/2014,06Z,28.4,11%,1006.8 Hpa,060º (NE),18.0,0/8,-,-,-,-,-,-,Clear
MASHHAD,25/07/2014,03Z,24.8,19%,1006.5 Hpa,220º (SW),7.2,0/8,-,-,-,-,-,19.8,Clear
MASHHAD,25/07/2014,00Z,20.4,30%,1006.0 Hpa,200º (S ),7.2,0/8,-,-,-,-,-,-,Clear
MASJED-SOLEYMAN,25/07/2014,21Z,37.9,18%,995.0 Hpa,240º (SW),7.2,0/8,-,-,-,-,-,-,Clear
MASJED-SOLEYMAN,25/07/2014,18Z,41.3,15%,994.9 Hpa,280º (W ),7.2,0/8,-,-,-,-,-,-,Clear
MASJED-SOLEYMAN,25/07/2014,15Z,45.1,12%,993.5 Hpa,260º (W ),10.8,0/8,-,-,-,-,46.5,-,Clear
MASJED-SOLEYMAN,25/07/2014,12Z,46.1,12%,993.4 Hpa,250º (W ),14.4,0/8,-,-,-,-,-,-,Clear
MASJED-SOLEYMAN,25/07/2014,09Z,45.0,15%,994.7 Hpa,270º (W ),10.8,0/8,-,-,-,-,-,-,Clear
MASJED-SOLEYMAN,25/07/2014,06Z,40.9,17%,994.8 Hpa,150º (SE),3.6,3/8,-,3/8 AC,-,-,-,-,Scattered clouds
MASJED-SOLEYMAN,25/07/2014,03Z,34.0,25%,993.5 Hpa,calm.,,3/8,-,3/8 AC,-,-,-,33.1,Scattered clouds
MASJED-SOLEYMAN,25/07/2014,00Z,34.5,22%,992.5 Hpa,calm.,,0/8,-,-,-,-,-,-,Clear
MEYANEH,25/07/2014,21Z,29.8,34%,996.1 Hpa,calm.,,0/8,-,-,-,-,-,-,Clear
MEYANEH,25/07/2014,18Z,33.8,26%,994.1 Hpa,090º (E ),14.4,1/8,1/8 SC,-,-,-,-,-,Few clouds
MEYANEH,25/07/2014,15Z,39.0,17%,992.9 Hpa,090º (E ),21.6,6/8,3/8 CB,-,CI,-,42.6,-,Cloudy
MEYANEH,25/07/2014,12Z,41.4,17%,992.7 Hpa,120º (SE),10.8,3/8,-,-,CI,-,-,-,Scattered clouds
MEYANEH,25/07/2014,09Z,36.2,23%,996.5 Hpa,360º (N ),7.2,0/8,-,-,-,-,-,-,Clear
MEYANEH,25/07/2014,06Z,28.2,37%,999.8 Hpa,calm.,,0/8,-,-,-,-,-,-,Clear
MEYANEH,25/07/2014,03Z,23.8,43%,999.8 Hpa,calm.,,1/8,-,0/8 AC,-,-,-,23.2,Few clouds
MEYANEH,25/07/2014,00Z,25.4,42%,998.0 Hpa,060º (NE),10.8,0/8,-,-,-,-,-,-,Clear
MOHABAD,25/07/2014,21Z,26.4,27%,996.9 Hpa,calm.,,2/8,2/8 SC,-,-,-,-,-,Few clouds
MOHABAD,25/07/2014,18Z,30.2,22%,997.4 Hpa,210º (SW),10.8,2/8,2/8 SC,-,-,-,-,-,Few clouds
MOHABAD,25/07/2014,15Z,36.2,14%,996.5 Hpa,240º (SW),21.6,0/8,-,-,-,-,39.2,-,Clear
MOHABAD,25/07/2014,12Z,39.0,10%,994.9 Hpa,180º (S ),39.6,0/8,-,-,-,-,-,-,Clear
MOHABAD,25/07/2014,09Z,33.2,28%,997.7 Hpa,040º (NE),14.4,0/8,-,-,-,-,-,-,Clear
MOHABAD,25/07/2014,06Z,28.2,33%,999.8 Hpa,330º (NW),7.2,0/8,-,-,-,-,-,-,Clear
MOHABAD,25/07/2014,03Z,19.6,45%,1000.1 Hpa,calm.,,0/8,-,-,-,-,-,18.8,Clear
MOHABAD,25/07/2014,00Z,20.0,49%,999.5 Hpa,calm.,,0/8,-,-,-,-,-,-,Clear
NEHBANDAN,25/07/2014,21Z,27.2,9%,994.5 Hpa,calm.,,0/8,-,-,-,-,-,-,Clear
NEHBANDAN,25/07/2014,18Z,30.2,8%,995.3 Hpa,060º (NE),10.8,0/8,-,-,-,-,-,-,Clear
NEHBANDAN,25/07/2014,15Z,33.5,7%,993.8 Hpa,150º (SE),14.4,2/8,-,-,CI,-,38.8,-,Few clouds
NEHBANDAN,25/07/2014,12Z,38.2,6%,992.3 Hpa,360º (N ),7.2,2/8,-,-,CI,-,-,-,"Few clouds, haze"
NEHBANDAN,25/07/2014,09Z,37.4,8%,993.3 Hpa,030º (NE),7.2,3/8,-,-,CI,-,-,-,"Scattered clouds, dust"
NEHBANDAN,25/07/2014,06Z,32.7,10%,994.8 Hpa,360º (N ),25.2,0/8,-,-,-,-,-,-,"Clear, dust"
NEHBANDAN,25/07/2014,03Z,26.8,16%,995.2 Hpa,calm.,,0/8,-,-,-,-,-,24.8,"Clear, haze"
NEHBANDAN,25/07/2014,00Z,26.3,15%,992.8 Hpa,060º (NE),28.8,0/8,-,-,-,-,-,-,"Clear, dust"
NOSHAHR,25/07/2014,21Z,24.6,75%,1003.4 Hpa,Vble.,,1/8,-,1/8 AC,-,-,-,-,Few clouds
NOSHAHR,25/07/2014,18Z,25.8,76%,1002.3 Hpa,Vble.,,3/8,-,3/8 AC,-,-,-,-,Scattered clouds
NOSHAHR,25/07/2014,15Z,28.8,56%,1001.7 Hpa,080º (E ),7.2,5/8,1/8 CU,AC,-,-,30.6,-,Cloudy
NOSHAHR,25/07/2014,12Z,30.2,54%,1002.8 Hpa,040º (NE),10.8,5/8,1/8 CU,AC,-,-,-,-,Cloudy
NOSHAHR,25/07/2014,09Z,29.8,60%,1004.0 Hpa,070º (E ),14.4,1/8,1/8 CU,-,-,-,-,-,Few clouds
NOSHAHR,25/07/2014,06Z,29.2,58%,1004.6 Hpa,030º (NE),10.8,2/8,-,2/8 AC,-,-,-,-,Few clouds
NOSHAHR,25/07/2014,03Z,23.4,68%,1004.9 Hpa,210º (SW),7.2,4/8,-,4/8 AC,-,-,-,21.8,Scattered clouds
NOSHAHR,25/07/2014,00Z,23.0,69%,1005.1 Hpa,calm.,,0/8,-,-,-,-,-,-,Clear
OMIDYEH-AGHAJARI,25/07/2014,21Z,36.5,17%,997.3 Hpa,300º (NW),10.8,0/8,-,-,-,-,-,-,Clear
OMIDYEH-AGHAJARI,25/07/2014,18Z,40.0,15%,996.5 Hpa,350º (N ),7.2,3/8,-,3/8 AC,-,-,-,-,Scattered clouds
OMIDYEH-AGHAJARI,25/07/2014,15Z,46.0,7%,994.8 Hpa,290º (W ),28.8,2/8,-,2/8 AC,-,-,48.8,-,Few clouds
OMIDYEH-AGHAJARI,25/07/2014,12Z,48.7,4%,994.9 Hpa,310º (NW),18.0,0/8,-,-,-,-,-,-,Clear
OMIDYEH-AGHAJARI,25/07/2014,09Z,46.1,7%,996.9 Hpa,310º (NW),10.8,0/8,-,-,-,-,-,-,Clear
OMIDYEH-AGHAJARI,25/07/2014,06Z,39.0,17%,997.6 Hpa,360º (N ),7.2,0/8,-,-,-,-,-,-,Clear
OMIDYEH-AGHAJARI,25/07/2014,03Z,30.8,28%,996.7 Hpa,330º (NW),3.6,0/8,-,-,-,-,-,30.4,Clear
OMIDYEH-AGHAJARI,25/07/2014,00Z,32.7,21%,995.6 Hpa,280º (W ),7.2,1/8,-,1/8 AC,-,-,-,-,Few clouds
ORUMIEH,25/07/2014,21Z,22.4,37%,997.7 Hpa,calm.,,3/8,3/8 SC,-,-,-,-,-,Scattered clouds
ORUMIEH,25/07/2014,18Z,25.4,33%,997.5 Hpa,260º (W ),10.8,0/8,-,-,-,-,-,-,Clear
ORUMIEH,25/07/2014,15Z,33.2,36%,995.4 Hpa,100º (E ),7.2,0/8,-,-,-,-,35.2,-,Clear
ORUMIEH,25/07/2014,12Z,34.0,26%,996.4 Hpa,100º (E ),10.8,1/8,1/8 CU,-,-,-,-,-,Few clouds
ORUMIEH,25/07/2014,09Z,31.6,31%,998.9 Hpa,100º (E ),10.8,0/8,-,-,-,-,-,-,Clear
ORUMIEH,25/07/2014,06Z,28.2,38%,1000.4 Hpa,360º (N ),7.2,0/8,-,-,-,-,-,-,Clear
ORUMIEH,25/07/2014,03Z,19.4,51%,1000.4 Hpa,270º (W ),10.8,0/8,-,-,-,-,-,17.8,Clear
ORUMIEH,25/07/2014,00Z,18.0,52%,999.7 Hpa,260º (W ),10.8,0/8,-,-,-,-,-,-,Clear
PARS ABAD MOGHAN,25/07/2014,21Z,25.6,69%,1004.4 Hpa,150º (SE),10.8,0/8,-,-,-,-,-,-,Clear
PARS ABAD MOGHAN,25/07/2014,18Z,29.4,50%,1002.5 Hpa,200º (S ),7.2,0/8,-,-,-,-,-,-,Clear
PARS ABAD MOGHAN,25/07/2014,15Z,34.6,34%,1001.1 Hpa,060º (NE),7.2,0/8,-,-,-,-,36.6,-,Clear
PARS ABAD MOGHAN,25/07/2014,12Z,36.0,29%,1001.6 Hpa,090º (E ),10.8,0/8,-,-,-,-,-,-,Clear
PARS ABAD MOGHAN,25/07/2014,09Z,33.6,34%,1003.3 Hpa,110º (E ),7.2,0/8,-,-,-,-,-,-,Clear
PARS ABAD MOGHAN,25/07/2014,06Z,28.6,47%,1005.0 Hpa,calm.,,0/8,-,-,-,-,-,-,Clear
PARS ABAD MOGHAN,25/07/2014,03Z,21.4,66%,1004.5 Hpa,260º (W ),7.2,0/8,-,-,-,-,-,20.8,Clear
PARS ABAD MOGHAN,25/07/2014,00Z,21.8,62%,1005.7 Hpa,calm.,,0/8,-,-,-,-,-,-,Clear
RAMSAR,25/07/2014,21Z,25.6,79%,1003.2 Hpa,calm.,,0/8,-,-,-,-,-,-,Clear
RAMSAR,25/07/2014,18Z,27.0,74%,1001.9 Hpa,calm.,,2/8,2/8 SC,-,-,-,-,-,Few clouds
RAMSAR,25/07/2014,15Z,28.2,72%,1000.9 Hpa,calm.,,2/8,1/8 SC,AC,-,-,30.8,-,Few clouds
RAMSAR,25/07/2014,12Z,30.0,65%,1002.2 Hpa,090º (E ),7.2,3/8,1/8 CU,AC,-,-,-,-,Scattered clouds
RAMSAR,25/07/2014,09Z,30.0,67%,1003.7 Hpa,030º (NE),10.8,3/8,-,3/8 AC,-,-,-,-,Scattered clouds
RAMSAR,25/07/2014,06Z,28.2,69%,1004.7 Hpa,020º (N),7.2,4/8,-,4/8 AC,-,-,-,-,Scattered clouds
RAMSAR,25/07/2014,03Z,25.2,71%,1004.6 Hpa,calm.,,4/8,-,4/8 AC,-,-,-,24.8,Scattered clouds
RAMSAR,25/07/2014,00Z,25.0,72%,1004.1 Hpa,calm.,,3/8,-,3/8 AC,-,-,-,-,Scattered clouds
RASHT,25/07/2014,21Z,25.2,88%,1004.5 Hpa,calm.,,0/8,-,-,-,-,-,-,"Clear, mist"
RASHT,25/07/2014,18Z,26.8,82%,1002.8 Hpa,calm.,,2/8,-,2/8 AC,-,-,-,-,"Few clouds, mist"
RASHT,25/07/2014,15Z,30.4,65%,1001.9 Hpa,Vble.,,3/8,-,3/8 AC,-,-,34.5,-,"Scattered clouds, haze"
RASHT,25/07/2014,12Z,32.2,46%,1002.1 Hpa,030º (NE),10.8,0/8,-,-,-,-,-,-,Clear
RASHT,25/07/2014,09Z,32.8,39%,1003.7 Hpa,Vble.,,1/8,-,-,CC,-,-,-,Few clouds
RASHT,25/07/2014,06Z,29.0,58%,1005.4 Hpa,calm.,,3/8,-,3/8 AC,-,-,-,-,Scattered clouds
RASHT,25/07/2014,03Z,23.0,89%,1005.2 Hpa,calm.,,3/8,-,3/8 AC,-,-,-,22.0,Scattered clouds
RASHT,25/07/2014,00Z,22.6,89%,1004.9 Hpa,calm.,,2/8,-,2/8 AC,-,-,-,-,Few clouds
SABZEVAR,25/07/2014,21Z,27.3,9%,-,080º (E ),18.0,0/8,-,-,-,-,-,-,Clear
SABZEVAR,25/07/2014,18Z,29.9,9%,1001.9 Hpa,070º (E ),18.0,0/8,-,-,-,-,-,-,Clear
SABZEVAR,25/07/2014,15Z,36.5,6%,1000.0 Hpa,100º (E ),10.8,0/8,-,-,-,-,38.5,-,Clear
SABZEVAR,25/07/2014,12Z,37.3,6%,1000.1 Hpa,120º (SE),14.4,0/8,-,-,-,-,-,-,Clear
SABZEVAR,25/07/2014,09Z,34.6,9%,1002.3 Hpa,100º (E ),21.6,0/8,-,-,-,-,-,-,Clear
SABZEVAR,25/07/2014,06Z,30.6,12%,1003.7 Hpa,100º (E ),28.8,0/8,-,-,-,-,-,-,Clear
SABZEVAR,25/07/2014,03Z,24.8,19%,1004.1 Hpa,080º (E ),21.6,0/8,-,-,-,-,-,23.0,Clear
SABZEVAR,25/07/2014,00Z,24.1,22%,1002.9 Hpa,070º (E ),21.6,0/8,-,-,-,-,-,-,Clear
SAFI-ABAD DEZFUL,25/07/2014,21Z,33.0,42%,995.8 Hpa,290º (W ),7.2,2/8,-,-,CI,-,-,-,Few clouds
SAFI-ABAD DEZFUL,25/07/2014,18Z,36.6,28%,995.3 Hpa,270º (W ),7.2,4/8,-,-,CI,-,-,-,Scattered clouds
SAFI-ABAD DEZFUL,25/07/2014,15Z,43.6,22%,993.9 Hpa,270º (W ),10.8,1/8,-,-,CI,-,47.4,-,Few clouds
SAFI-ABAD DEZFUL,25/07/2014,12Z,46.6,14%,994.3 Hpa,calm.,,0/8,-,-,-,-,-,-,Clear
SAFI-ABAD DEZFUL,25/07/2014,09Z,43.2,21%,996.2 Hpa,210º (SW),7.2,1/8,-,-,CI,-,-,-,Few clouds
SAFI-ABAD DEZFUL,25/07/2014,06Z,37.6,27%,996.5 Hpa,calm.,,0/8,-,-,-,-,-,-,Clear
SAFI-ABAD DEZFUL,25/07/2014,03Z,27.0,54%,995.8 Hpa,calm.,,3/8,-,-,CC,-,-,26.8,Scattered clouds
SAFI-ABAD DEZFUL,25/07/2014,00Z,29.4,51%,994.8 Hpa,calm.,,0/8,-,-,-,-,-,-,Clear
SAGHEZ,25/07/2014,21Z,21.5,28%,997.8 Hpa,110º (E ),7.2,0/8,-,-,-,-,-,-,Clear
SAGHEZ,25/07/2014,18Z,28.9,20%,997.7 Hpa,280º (W ),3.6,0/8,-,-,-,-,-,-,Clear
SAGHEZ,25/07/2014,15Z,35.5,14%,997.6 Hpa,210º (SW),14.4,0/8,-,-,-,-,38.9,-,Clear
SAGHEZ,25/07/2014,12Z,37.9,12%,995.9 Hpa,230º (SW),28.8,0/8,-,-,-,-,-,-,Clear
SAGHEZ,25/07/2014,09Z,36.1,18%,996.3 Hpa,100º (E ),10.8,0/8,-,-,-,-,-,-,Clear
SAGHEZ,25/07/2014,06Z,28.1,29%,998.8 Hpa,calm.,,0/8,-,-,-,-,-,-,Clear
SAGHEZ,25/07/2014,03Z,16.5,45%,999.9 Hpa,calm.,,0/8,-,-,-,-,-,14.4,Clear
SAGHEZ,25/07/2014,00Z,17.0,45%,998.9 Hpa,calm.,,0/8,-,-,-,-,-,-,Clear
SANANDAJ,25/07/2014,21Z,26.8,24%,995.2 Hpa,010º (N),3.6,4/8,-,2/8 AC,CI,-,-,-,Scattered clouds
SANANDAJ,25/07/2014,18Z,31.4,14%,996.2 Hpa,080º (E ),7.2,2/8,-,-,CI,-,-,-,Few clouds
SANANDAJ,25/07/2014,15Z,38.6,9%,995.2 Hpa,190º (S ),10.8,1/8,1/8 SC,-,-,-,41.2,-,Few clouds
SANANDAJ,25/07/2014,12Z,40.6,7%,993.8 Hpa,180º (S ),14.4,1/8,1/8 CU,-,-,-,-,-,Few clouds
SANANDAJ,25/07/2014,09Z,39.4,9%,994.4 Hpa,190º (S ),25.2,2/8,-,-,CI,-,-,-,Few clouds
SANANDAJ,25/07/2014,06Z,31.0,18%,997.4 Hpa,010º (N),3.6,0/8,-,-,-,-,-,-,Clear
SANANDAJ,25/07/2014,03Z,17.8,41%,997.9 Hpa,calm.,,0/8,-,-,-,-,-,17.8,Clear
SANANDAJ,25/07/2014,00Z,20.9,37%,995.3 Hpa,calm.,,0/8,-,-,-,-,-,-,Clear
SARAB,25/07/2014,21Z,24.2,43%,996.9 Hpa,100º (E ),7.2,3/8,-,-,CI,-,-,-,Scattered clouds
SARAB,25/07/2014,18Z,26.0,39%,998.7 Hpa,080º (E ),14.4,2/8,1/8 SC,-,CI,-,-,-,Few clouds
SARAB,25/07/2014,15Z,33.0,18%,997.8 Hpa,270º (W ),14.4,3/8,2/8 CU,-,CI,-,37.2,-,Scattered clouds
SARAB,25/07/2014,12Z,35.6,14%,997.2 Hpa,250º (W ),14.4,2/8,-,-,CI,-,-,-,Few clouds
SARAB,25/07/2014,09Z,33.0,18%,998.3 Hpa,210º (SW),7.2,0/8,-,-,-,-,-,-,Clear
SARAB,25/07/2014,06Z,24.4,41%,1001.2 Hpa,330º (NW),7.2,0/8,-,-,-,-,-,-,Clear
SARAB,25/07/2014,03Z,14.4,70%,1002.9 Hpa,calm.,,0/8,-,-,-,-,-,12.8,Clear
SARAB,25/07/2014,00Z,14.4,73%,1001.4 Hpa,calm.,,0/8,-,-,-,-,-,-,Clear
SARAKHS,25/07/2014,21Z,22.5,29%,1005.2 Hpa,150º (SE),10.8,0/8,-,-,-,-,-,-,Clear
SARAKHS,25/07/2014,18Z,27.0,22%,1005.6 Hpa,340º (N ),10.8,0/8,-,-,-,-,-,-,Clear
SARAKHS,25/07/2014,15Z,33.2,15%,1005.3 Hpa,340º (N ),18.0,0/8,-,-,-,-,38.0,-,Clear
SARAKHS,25/07/2014,12Z,37.6,8%,1005.2 Hpa,360º (N ),21.6,0/8,-,-,-,-,-,-,Clear
SARAKHS,25/07/2014,09Z,36.3,8%,1006.0 Hpa,300º (NW),18.0,0/8,-,-,-,-,-,-,Clear
SARAKHS,25/07/2014,06Z,31.9,15%,1008.7 Hpa,330º (NW),21.6,0/8,-,-,-,-,-,-,Clear
SARAKHS,25/07/2014,03Z,23.2,31%,1008.5 Hpa,310º (NW),21.6,0/8,-,-,-,-,-,20.1,Clear
SARAKHS,25/07/2014,00Z,20.9,36%,1007.5 Hpa,270º (W ),10.8,0/8,-,-,-,-,-,-,Clear
SARAVAN,25/07/2014,21Z,30.7,44%,997.1 Hpa,calm.,,0/8,-,-,-,-,-,-,"Clear, haze"
SARAVAN,25/07/2014,18Z,32.2,40%,997.2 Hpa,210º (SW),10.8,0/8,-,-,-,-,-,-,"Clear, haze"
SARAVAN,25/07/2014,15Z,34.5,30%,995.6 Hpa,230º (SW),14.4,0/8,-,-,-,-,40.3,-,"Clear, haze"
SARAVAN,25/07/2014,12Z,39.6,12%,993.4 Hpa,080º (E ),14.4,0/8,-,-,-,-,-,-,"Clear, haze"
SARAVAN,25/07/2014,09Z,38.3,20%,995.1 Hpa,160º (S ),7.2,0/8,-,-,-,-,-,-,"Clear, haze"
SARAVAN,25/07/2014,06Z,34.7,29%,996.0 Hpa,calm.,,0/8,-,-,-,-,-,-,"Clear, haze"
SARAVAN,25/07/2014,03Z,29.9,48%,995.8 Hpa,calm.,,4/8,-,4/8 AC,-,-,-,29.5,Scattered clouds
SARAVAN,25/07/2014,00Z,29.6,53%,993.9 Hpa,calm.,,0/8,-,-,-,-,-,-,Clear
SEMNAN,25/07/2014,21Z,31.6,16%,998.5 Hpa,340º (N ),3.6,0/8,-,-,-,-,-,-,Clear
SEMNAN,25/07/2014,18Z,33.4,13%,998.6 Hpa,060º (NE),3.6,0/8,-,-,-,-,-,-,Clear
SEMNAN,25/07/2014,15Z,38.4,11%,997.0 Hpa,170º (S ),3.6,2/8,2/8 SC,-,-,-,40.6,-,Few clouds
SEMNAN,25/07/2014,12Z,40.2,15%,996.6 Hpa,180º (S ),10.8,1/8,-,-,CI,-,-,-,Few clouds
SEMNAN,25/07/2014,09Z,38.6,16%,998.3 Hpa,180º (S ),14.4,1/8,1/8 SC,-,-,-,-,-,Few clouds
SEMNAN,25/07/2014,06Z,35.0,19%,999.3 Hpa,240º (SW),7.2,0/8,-,-,-,-,-,-,Clear
SEMNAN,25/07/2014,03Z,30.8,22%,999.0 Hpa,calm.,,0/8,-,-,-,-,-,27.8,Clear
SEMNAN,25/07/2014,00Z,29.8,24%,998.2 Hpa,calm.,,0/8,-,-,-,-,-,-,Clear
SHAHRE-KORD,25/07/2014,21Z,17.2,34%,998.6 Hpa,calm.,,0/8,-,-,-,-,-,-,Clear
SHAHRE-KORD,25/07/2014,18Z,22.6,23%,998.4 Hpa,290º (W ),7.2,0/8,-,-,-,-,-,-,Clear
SHAHRE-KORD,25/07/2014,15Z,31.4,12%,998.8 Hpa,080º (E ),10.8,0/8,-,-,-,-,35.2,-,Clear
SHAHRE-KORD,25/07/2014,12Z,34.2,9%,996.7 Hpa,080º (E ),21.6,3/8,3/8 SC,-,-,-,-,-,Scattered clouds
SHAHRE-KORD,25/07/2014,09Z,33.4,11%,996.5 Hpa,330º (NW),10.8,1/8,1/8 CU,-,-,-,-,-,Few clouds
SHAHRE-KORD,25/07/2014,06Z,28.2,18%,997.7 Hpa,calm.,,0/8,-,-,-,-,-,-,Clear
SHAHRE-KORD,25/07/2014,03Z,15.6,31%,1000.2 Hpa,340º (N ),10.8,0/8,-,-,-,-,-,14.2,Clear
SHAHRE-KORD,25/07/2014,00Z,18.4,26%,996.9 Hpa,320º (NW),14.4,0/8,-,-,-,-,-,-,Clear
SHAHRUD,25/07/2014,21Z,26.4,25%,-,calm.,,0/8,-,-,-,-,-,-,Clear
SHAHRUD,25/07/2014,18Z,31.0,18%,1000.2 Hpa,360º (N ),10.8,0/8,-,-,-,-,-,-,Clear
SHAHRUD,25/07/2014,15Z,35.4,14%,998.5 Hpa,070º (E ),10.8,0/8,-,-,-,-,37.6,-,Clear
SHAHRUD,25/07/2014,12Z,37.0,13%,998.1 Hpa,100º (E ),7.2,0/8,-,-,-,-,-,-,Clear
SHAHRUD,25/07/2014,09Z,34.0,18%,999.9 Hpa,080º (E ),7.2,0/8,-,-,-,-,-,-,Clear
SHAHRUD,25/07/2014,06Z,28.6,20%,1001.7 Hpa,050º (NE),10.8,0/8,-,-,-,-,-,-,Clear
SHAHRUD,25/07/2014,03Z,24.8,31%,1001.0 Hpa,030º (NE),10.8,0/8,-,-,-,-,-,23.2,Clear
SHAHRUD,25/07/2014,00Z,24.6,37%,1000.3 Hpa,030º (NE),10.8,0/8,-,-,-,-,-,-,Clear
SHIRAZ,25/07/2014,21Z,29.2,26%,993.6 Hpa,280º (W ),7.2,0/8,-,-,-,-,-,-,Clear
SHIRAZ,25/07/2014,18Z,32.8,20%,993.3 Hpa,330º (NW),14.4,0/8,-,-,-,-,-,-,Clear
SHIRAZ,25/07/2014,15Z,37.2,10%,993.1 Hpa,170º (S ),10.8,0/8,-,-,-,-,39.6,-,"Clear, haze"
SHIRAZ,25/07/2014,12Z,39.4,12%,993.0 Hpa,calm.,,0/8,-,-,-,-,-,-,Clear
SHIRAZ,25/07/2014,09Z,38.2,12%,993.2 Hpa,090º (E ),18.0,0/8,-,-,-,-,-,-,Clear
SHIRAZ,25/07/2014,06Z,34.6,13%,995.0 Hpa,calm.,,0/8,-,-,-,-,-,-,Clear
SHIRAZ,25/07/2014,03Z,23.8,37%,995.3 Hpa,290º (W ),7.2,0/8,-,-,-,-,-,22.8,"Clear, haze"
SHIRAZ,25/07/2014,00Z,25.0,28%,993.4 Hpa,calm.,,0/8,-,-,-,-,-,-,Clear
SIRI ISLAND,25/07/2014,15Z,33.2,76%,996.4 Hpa,210º (SW),10.8,0/8,-,-,-,-,35.8,-,Clear
SIRI ISLAND,25/07/2014,12Z,35.8,126%,996.2 Hpa,160º (S ),10.8,0/8,-,-,-,-,-,-,Clear
SIRI ISLAND,25/07/2014,06Z,34.2,138%,998.3 Hpa,210º (SW),18.0,3/8,-,-,CI,-,-,-,"Scattered clouds, haze"
SIRI ISLAND,25/07/2014,03Z,33.0,91%,997.1 Hpa,210º (SW),28.8,0/8,-,-,-,-,-,31.2,"Clear, mist"
SIRJAN,25/07/2014,21Z,25.0,20%,994.0 Hpa,calm.,,0/8,-,-,-,-,-,-,Clear
SIRJAN,25/07/2014,18Z,26.6,18%,994.4 Hpa,030º (NE),10.8,0/8,-,-,-,-,-,-,Clear
SIRJAN,25/07/2014,15Z,35.8,11%,991.7 Hpa,300º (NW),18.0,0/8,-,-,-,-,38.6,-,Clear
SIRJAN,25/07/2014,12Z,38.0,11%,990.9 Hpa,270º (W ),21.6,0/8,-,-,-,-,-,-,Clear
SIRJAN,25/07/2014,09Z,36.6,15%,992.0 Hpa,330º (NW),14.4,0/8,-,-,-,-,-,-,Clear
SIRJAN,25/07/2014,06Z,33.0,18%,993.5 Hpa,270º (W ),14.4,0/8,-,-,-,-,-,-,Clear
SIRJAN,25/07/2014,03Z,25.0,18%,994.4 Hpa,330º (NW),14.4,0/8,-,-,-,-,-,23.6,Clear
SIRJAN,25/07/2014,00Z,25.4,18%,992.6 Hpa,060º (NE),14.4,0/8,-,-,-,-,-,-,Clear
TABAS,25/07/2014,21Z,33.6,7%,997.6 Hpa,360º (N ),10.8,0/8,-,-,-,-,-,-,Clear
TABAS,25/07/2014,18Z,34.4,6%,998.0 Hpa,020º (N),10.8,0/8,-,-,-,-,-,-,Clear
TABAS,25/07/2014,15Z,39.5,3%,996.4 Hpa,010º (N),18.0,2/8,-,-,CI,-,42.5,-,Few clouds
TABAS,25/07/2014,12Z,41.7,3%,995.8 Hpa,320º (NW),18.0,3/8,-,-,CI,-,-,-,Scattered clouds
TABAS,25/07/2014,09Z,40.9,9%,996.8 Hpa,010º (N),28.8,0/8,-,-,-,-,-,-,Clear
TABAS,25/07/2014,06Z,37.5,10%,998.9 Hpa,200º (S ),7.2,0/8,-,-,-,-,-,-,"Clear, haze"
TABAS,25/07/2014,03Z,31.7,14%,998.4 Hpa,100º (E ),10.8,0/8,-,-,-,-,-,28.5,"Clear, haze"
TABAS,25/07/2014,00Z,32.0,11%,997.0 Hpa,230º (SW),7.2,0/8,-,-,-,-,-,-,"Clear, haze"
TABRIZ,25/07/2014,21Z,29.2,24%,997.0 Hpa,060º (NE),14.4,3/8,-,3/8 AC,-,-,-,-,Scattered clouds
TABRIZ,25/07/2014,18Z,30.0,26%,997.2 Hpa,210º (SW),7.2,0/8,-,-,-,-,-,-,Clear
TABRIZ,25/07/2014,15Z,36.4,12%,995.7 Hpa,260º (W ),21.6,0/8,-,-,-,-,38.0,-,Clear
TABRIZ,25/07/2014,12Z,37.0,20%,995.5 Hpa,230º (SW),14.4,1/8,1/8 CU,-,-,-,-,-,Few clouds
TABRIZ,25/07/2014,09Z,34.2,25%,997.5 Hpa,270º (W ),18.0,0/8,-,-,-,-,-,-,Clear
TABRIZ,25/07/2014,06Z,29.2,32%,999.0 Hpa,110º (E ),18.0,0/8,-,-,-,-,-,-,Clear
TABRIZ,25/07/2014,03Z,24.0,40%,999.5 Hpa,080º (E ),10.8,0/8,-,-,-,-,-,23.0,Clear
TABRIZ,25/07/2014,00Z,24.4,38%,998.3 Hpa,110º (E ),14.4,0/8,-,-,-,-,-,-,Clear
TEHRAN-MEHRABAD,25/07/2014,21Z,32.2,15%,996.9 Hpa,030º (NE),10.8,1/8,1/8 SC,-,-,-,-,-,Few clouds
TEHRAN-MEHRABAD,25/07/2014,18Z,35.0,13%,996.6 Hpa,050º (NE),7.2,1/8,1/8 SC,-,-,-,-,-,Few clouds
TEHRAN-MEHRABAD,25/07/2014,15Z,38.5,9%,995.4 Hpa,080º (E ),10.8,2/8,1/8 CU,AC,-,-,39.4,-,Few clouds
TEHRAN-MEHRABAD,25/07/2014,12Z,39.0,9%,995.5 Hpa,120º (SE),14.4,1/8,1/8 CU,-,-,-,-,-,Few clouds
TEHRAN-MEHRABAD,25/07/2014,09Z,37.5,10%,997.4 Hpa,160º (S ),10.8,0/8,-,-,-,-,-,-,Clear
TEHRAN-MEHRABAD,25/07/2014,06Z,34.0,13%,999.3 Hpa,190º (S ),14.4,1/8,-,1/8 AC,-,-,-,-,Few clouds
TEHRAN-MEHRABAD,25/07/2014,03Z,30.9,17%,998.3 Hpa,060º (NE),7.2,1/8,-,1/8 AC,-,-,-,29.6,Few clouds
TEHRAN-MEHRABAD,25/07/2014,00Z,31.1,18%,996.8 Hpa,030º (NE),10.8,3/8,1/8 SC,AC,-,-,-,-,Scattered clouds
TORBAT-HEYDARIEH,25/07/2014,21Z,20.1,16%,-,calm.,,0/8,-,-,-,-,-,-,Clear
TORBAT-HEYDARIEH,25/07/2014,18Z,23.3,11%,1002.3 Hpa,090º (E ),14.4,0/8,-,-,-,-,-,-,Clear
TORBAT-HEYDARIEH,25/07/2014,15Z,29.9,7%,999.4 Hpa,340º (N ),18.0,0/8,-,-,-,-,33.4,-,Clear
TORBAT-HEYDARIEH,25/07/2014,12Z,33.1,5%,998.6 Hpa,320º (NW),14.4,0/8,-,-,-,-,-,-,Clear
TORBAT-HEYDARIEH,25/07/2014,09Z,31.3,8%,999.8 Hpa,360º (N ),28.8,0/8,-,-,-,-,-,-,Clear
TORBAT-HEYDARIEH,25/07/2014,06Z,26.9,14%,1002.0 Hpa,060º (NE),28.8,0/8,-,-,-,-,-,-,Clear
TORBAT-HEYDARIEH,25/07/2014,03Z,23.6,19%,1001.8 Hpa,090º (E ),7.2,0/8,-,-,-,-,-,18.0,Clear
TORBAT-HEYDARIEH,25/07/2014,00Z,20.1,24%,1001.4 Hpa,030º (NE),18.0,0/8,-,-,-,-,-,-,Clear
YASOGE,25/07/2014,21Z,22.4,38%,995.8 Hpa,Vble.,,0/8,-,-,-,-,-,-,Clear
YASOGE,25/07/2014,18Z,25.8,36%,996.3 Hpa,360º (N ),7.2,0/8,-,-,-,-,-,-,Clear
YASOGE,25/07/2014,15Z,30.8,18%,996.1 Hpa,150º (SE),18.0,1/8,1/8 CU,-,-,-,37.6,-,Few clouds
YASOGE,25/07/2014,12Z,37.0,6%,993.6 Hpa,270º (W ),7.2,1/8,1/8 CU,-,-,-,-,-,Few clouds
YASOGE,25/07/2014,09Z,35.8,8%,994.1 Hpa,240º (SW),10.8,0/8,-,-,-,-,-,-,Clear
YASOGE,25/07/2014,06Z,30.0,18%,997.3 Hpa,330º (NW),7.2,0/8,-,-,-,-,-,-,Clear
YASOGE,25/07/2014,03Z,21.4,43%,997.0 Hpa,calm.,,0/8,-,-,-,-,-,19.4,Clear
YASOGE,25/07/2014,00Z,22.8,25%,994.4 Hpa,calm.,,0/8,-,-,-,-,-,-,Clear
YAZD,25/07/2014,21Z,30.4,12%,997.6 Hpa,250º (W ),7.2,0/8,-,-,-,-,-,-,Clear
YAZD,25/07/2014,18Z,34.1,8%,997.5 Hpa,calm.,,0/8,-,-,-,-,-,-,Clear
YAZD,25/07/2014,15Z,39.4,5%,995.6 Hpa,300º (NW),10.8,0/8,-,-,-,-,41.0,-,Clear
YAZD,25/07/2014,12Z,40.4,5%,995.4 Hpa,190º (S ),7.2,1/8,-,-,CI,-,-,-,Few clouds
YAZD,25/07/2014,09Z,39.7,5%,996.9 Hpa,050º (NE),7.2,2/8,-,-,CI,-,-,-,Few clouds
YAZD,25/07/2014,06Z,36.6,7%,998.4 Hpa,180º (S ),7.2,4/8,-,-,CI,-,-,-,Scattered clouds
YAZD,25/07/2014,03Z,29.4,14%,998.6 Hpa,080º (E ),3.6,0/8,-,-,-,-,-,26.6,Clear
YAZD,25/07/2014,00Z,30.6,11%,996.6 Hpa,170º (S ),10.8,0/8,-,-,-,-,-,-,Clear
ZABOL,25/07/2014,21Z,30.7,12%,995.7 Hpa,320º (NW),28.8,0/8,-,-,-,-,-,-,Clear
ZABOL,25/07/2014,18Z,34.3,10%,995.9 Hpa,330º (NW),32.4,0/8,-,-,-,-,-,-,"Clear, dust"
ZABOL,25/07/2014,15Z,37.1,9%,994.1 Hpa,330º (NW),28.8,0/8,-,-,-,-,41.3,-,"Clear, dust"
ZABOL,25/07/2014,12Z,40.8,9%,993.4 Hpa,340º (N ),32.4,0/8,-,-,-,-,-,-,"Clear, dust"
ZABOL,25/07/2014,09Z,39.7,10%,994.8 Hpa,320º (NW),36.0,1/8,-,-,CI,-,-,-,"Few clouds, dust"
ZABOL,25/07/2014,06Z,35.6,12%,995.5 Hpa,330º (NW),39.6,2/8,-,-,CI,-,-,-,Few clouds
ZABOL,25/07/2014,03Z,29.8,16%,995.7 Hpa,320º (NW),32.4,1/8,-,-,CI,-,-,28.8,"Few clouds, dust"
ZABOL,25/07/2014,00Z,29.7,17%,994.0 Hpa,320º (NW),39.6,0/8,-,-,-,-,-,-,"Clear, dust"
ZAHEDAN,25/07/2014,21Z,24.4,15%,996.2 Hpa,290º (W ),7.2,0/8,-,-,-,-,-,-,"Clear, haze"
ZAHEDAN,25/07/2014,18Z,29.4,10%,996.6 Hpa,040º (NE),14.4,0/8,-,-,-,-,-,-,"Clear, haze"
ZAHEDAN,25/07/2014,15Z,33.5,10%,995.1 Hpa,020º (N),14.4,0/8,-,-,-,-,37.9,-,"Clear, dust"
ZAHEDAN,25/07/2014,12Z,37.1,9%,992.6 Hpa,360º (N ),14.4,1/8,-,-,CI,-,-,-,"Few clouds, haze"
ZAHEDAN,25/07/2014,09Z,37.8,10%,993.4 Hpa,350º (N ),14.4,1/8,-,-,CI,-,-,-,"Few clouds, haze"
ZAHEDAN,25/07/2014,06Z,33.5,12%,994.7 Hpa,360º (N ),10.8,2/8,-,-,CI,-,-,-,Few clouds
ZAHEDAN,25/07/2014,03Z,27.3,18%,996.0 Hpa,350º (N ),14.4,0/8,-,-,-,-,-,24.2,"Clear, dust"
ZAHEDAN,25/07/2014,00Z,25.8,21%,994.5 Hpa,calm.,,0/8,-,-,-,-,-,-,"Clear, dust"
ZANJAN,25/07/2014,21Z,27.8,28%,994.1 Hpa,180º (S ),3.6,3/8,3/8 CU,-,-,-,-,-,Scattered clouds
ZANJAN,25/07/2014,18Z,31.1,24%,994.3 Hpa,100º (E ),7.2,5/8,5/8 CU,-,-,-,-,-,Cloudy
ZANJAN,25/07/2014,15Z,33.5,22%,994.2 Hpa,100º (E ),10.8,7/8,7/8 CB,-,-,-,38.3,-,Cloudy
ZANJAN,25/07/2014,12Z,36.9,20%,993.9 Hpa,170º (S ),10.8,5/8,5/8 CU,-,CI,-,-,-,Cloudy
ZANJAN,25/07/2014,09Z,36.8,22%,993.8 Hpa,110º (E ),10.8,3/8,1/8 CU,-,CI,-,-,-,Scattered clouds
ZANJAN,25/07/2014,06Z,31.6,26%,996.6 Hpa,100º (E ),14.4,1/8,1/8 CU,-,-,-,-,-,Few clouds
ZANJAN,25/07/2014,03Z,21.2,47%,997.9 Hpa,120º (SE),3.6,1/8,1/8 SC,-,-,-,-,20.2,Few clouds
ZANJAN,25/07/2014,00Z,20.5,47%,997.0 Hpa,100º (E ),3.6,1/8,1/8 SC,-,-,-,-,-,Few clouds
